9
160
70
343
405
405
158
316
39
318
11
318
263
125
172
72
373
95
234
14
240
172
171
80
257
298
329
56
14
18
218
39
452
453
357
371
373
439
252
161
127
327
100
443
84
334
75
177
75
443
377
464
50
294
305
156
401
12
418
348
104
65
38
138
5
174
141
130
130
389
140
208
294
95
291
417
389
300
19
57
158
147
333
141
234
349
426
53
37
437
166
7
239
117
147
456
400
479
198
305
400
146
55
104
324
307
69
168
45
196
458
76
467
278
444
444
11
212
38
15
366
66
205
212
207
497
169
205
167
262
358
212
498
212
280
184
318
272
322
366
391
200
239
9
306
417
93
291
137
202
16
163
339
480
116
490
369
126
215
118
272
55
481
410
5
126
353
22
353
41
445
405
441
472
398
333
439
452
79
431
188
212
376
81
241
22
208
349
151
397
99
179
208
471
199
97
311
317
104
289
148
169
388
305
45
468
261
489
402
365
202
330
274
359
146
276
205
22
21
5
391
26
487
233
280
412
280
303
303
24
177
385
173
433
183
354
249
420
442
255
182
237
203
363
319
363
284
0
364
442
161
265
263
443
271
196
7
136
52
258
41
213
254
7
203
37
433
152
412
365
252
378
44
477
50
434
68
472
306
374
236
36
159
397
334
495
160
402
482
419
428
28
60
405
495
465
264
223
120
468
191
204
416
180
431
337
458
167
257
476
421
133
375
389
399
171
311
233
22
345
408
408
299
482
476
209
384
111
378
129
365
192
116
192
28
394
95
129
349
157
367
3
173
111
13
407
335
46
191
460
363
129
125
259
197
343
202
489
378
481
115
344
9
291
21
83
470
378
472
92
469
128
469
331
30
122
283
471
488
411
73
272
175
179
475
66
78
117
194
233
474
10
148
41
400
39
486
59
305
137
166
90
319
13
155
394
387
239
345
201
8
360
396
374
35
230
127
258
177
184
314
203
48
183
281
281
156
295
148
427
349
90
329
472
490
31
464
380
238
35
404
342
330
355
423
330
453
293
190
411
313
313
220
151
319
57
338
316
98
333
333
90
202
409
406
77
207
343
199
294
405
122
159
460
245
291
299
158
14
50
297
31
368
364
388
170
300
131
459
166
195
373
281
167
376
342
169
460
231
303
268
254
300
473
251
494
335
211
334
117
18
80
230
88
361
363
114
268
279
383
259
333
241
177
9
182
66
425
23
306
266
425
219
301
297
360
437
447
199
60
468
340
369
419
371
287
403
303
279
287
350
226
207
390
336
31
163
488
304
472
390
490
74
113
75
366
279
12
318
29
250
262
139
446
205
89
440
418
2
319
445
134
315
163
392
202
415
154
163
258
442
71
462
127
186
61
42
196
211
26
229
414
81
120
229
60
391
290
299
357
377
175
153
37
359
56
444
368
96
88
142
228
408
418
410
254
42
412
139
23
42
157
428
28
440
89
32
4
348
462
106
151
304
55
178
256
345
41
313
472
482
461
5
77
462
255
105
288
146
348
245
436
108
151
180
98
29
30
174
344
256
126
405
437
13
192
49
423
315
315
311
189
347
48
131
81
53
320
200
198
4
198
2
398
282
118
442
485
447
54
464
464
204
300
301
259
138
142
193
309
15
18
295
273
310
392
457
38
211
2
88
303
289
302
117
240
106
287
111
262
202
175
287
124
165
64
452
426
47
224
323
157
325
63
122
225
307
25
65
482
289
121
52
351
158
213
82
285
4
361
320
112
179
105
446
296
485
165
244
25
481
145
50
271
91
304
114
464
74
280
36
66
64
225
274
397
165
360
62
8
488
412
335
443
242
489
444
324
170
54
349
187
395
423
217
463
128
70
203
242
102
299
230
108
413
141
65
303
43
21
387
59
65
244
229
367
145
456
16
128
117
455
454
318
97
1
276
268
422
474
150
68
412
375
191
10
495
159
371
368
363
453
155
495
114
453
265
417
134
345
6
494
270
173
309
289
378
376
223
40
195
24
144
322
439
6
404
171
292
216
439
367
21
43
331
477
7
84
45
358
381
55
95
320
464
185
347
469
22
343
259
108
255
84
94
354
92
304
309
461
92
365
203
194
11
118
135
93
466
72
355
31
470
351
262
82
413
142
65
40
122
84
11
156
373
30
162
260
75
13
327
223
249
36
214
301
112
93
29
331
35
343
153
24
316
188
362
435
291
268
31
294
397
48
177
218
273
283
29
276
396
123
86
62
365
225
271
412
91
314
425
21
49
375
432
253
47
75
75
459
30
486
461
467
176
217
76
250
51
130
25
283
117
24
47
279
172
193
219
97
246
420
175
296
474
437
472
136
64
456
103
305
251
488
328
87
212
248
21
161
484
217
447
418
312
480
74
23
193
343
214
441
335
336
409
215
246
433
476
101
467
358
64
178
186
235
485
332
99
78
94
334
468
433
480
175
306
137
372
462
170
291
377
168
360
474
483
348
127
235
94
492
429
298
42
325
136
481
98
155
6
219
47
202
350
20
295
477
264
390
475
325
106
346
136
421
383
221
219
73
195
468
253
466
203
136
106
320
369
27
398
73
266
7
352
484
127
227
16
484
425
259
239
226
385
161
91
369
470
250
265
91
181
244
417
415
54
349
29
358
3
144
337
422
144
478
256
68
282
110
490
106
458
470
435
248
496
234
238
414
236
225
452
80
192
496
16
422
73
23
445
489
123
310
422
165
71
129
129
44
448
192
69
101
30
74
263
279
5
160
248
445
479
384
392
129
224
328
214
54
378
305
49
290
379
119
170
85
273
241
302
293
108
80
314
114
371
340
451
424
216
392
281
28
151
268
394
298
308
303
187
289
110
305
444
272
45
86
210
131
382
388
137
92
113
89
413
77
136
136
144
497
472
343
372
186
309
349
299
51
278
255
260
269
440
429
277
251
342
483
116
245
201
174
403
460
322
270
60
177
63
135
362
150
170
224
270
120
13
116
139
343
426
103
132
274
405
215
278
434
410
259
25
410
271
327
405
76
187
412
467
392
383
352
156
341
282
183
22
176
402
137
83
406
424
137
488
207
173
208
252
135
302
38
472
253
446
160
392
208
0
304
491
93
339
438
123
210
49
321
466
411
491
478
217
382
473
341
16
377
52
148
350
193
311
197
54
455
47
62
428
427
15
113
74
494
394
114
150
416
10
210
6
394
439
110
88
205
101
367
440
191
263
221
434
76
397
126
447
453
398
151
141
493
130
234
159
459
72
448
480
340
183
357
330
176
34
314
354
341
35
265
366
81
408
238
110
449
102
393
313
69
49
138
271
68
340
314
413
379
454
450
53
316
340
148
492
123
257
82
484
52
401
491
491
471
258
482
134
315
209
25
9
27
412
458
380
180
386
0
334
497
327
141
4
101
275
76
417
414
73
276
278
379
445
109
267
406
424
386
206
127
425
95
232
87
427
25
189
465
328
148
328
357
145
39
37
249
1
414
146
284
424
85
373
292
232
389
27
441
212
348
389
330
258
120
134
341
370
455
494
419
361
480
470
481
112
496
480
248
84
399
319
36
318
167
414
482
355
356
272
378
429
362
195
81
261
43
214
81
190
269
146
357
498
44
365
78
322
218
143
312
263
65
433
22
321
338
433
214
400
137
388
407
22
215
293
234
357
375
436
473
416
33
429
363
402
401
104
318
109
107
288
381
158
415
309
189
109
209
364
344
456
115
56
21
194
497
52
323
115
473
474
119
54
201
245
415
395
263
34
468
210
102
247
218
81
424
380
306
69
368
10
296
168
168
99
456
435
67
419
347
321
432
379
45
33
385
32
220
269
283
441
285
52
101
353
261
462
492
453
436
222
226
57
307
50
435
86
193
200
236
358
451
267
363
346
495
320
150
393
375
71
163
5
139
358
237
435
400
255
164
424
139
385
154
371
277
455
383
288
475
54
465
414
26
237
438
245
130
101
391
39
458
285
102
262
295
117
123
250
327
277
240
360
264
265
235
28
378
451
32
239
290
117
90
25
43
152
387
319
23
188
36
50
459
332
244
293
446
236
83
304
274
448
185
121
472
62
361
121
59
268
46
142
247
357
478
124
448
124
306
234
266
290
313
431
93
376
426
68
54
300
126
338
429
58
463
321
251
486
265
317
235
499
224
156
90
116
438
49
51
276
134
499
332
105
349
98
118
272
382
249
400
138
2
43
82
139
267
159
405
58
445
99
383
192
72
239
207
345
451
275
192
430
221
172
232
446
395
101
288
36
360
231
235
285
369
260
15
83
49
51
76
46
275
467
355
362
135
15
113
121
249
415
268
111
331
1
240
417
429
118
154
277
425
187
246
93
436
294
416
165
113
62
277
18
77
166
262
199
142
478
145
171
233
290
307
499
326
217
493
378
191
191
256
341
266
14
347
319
266
251
381
67
25
10
245
245
383
82
259
115
268
135
97
38
353
62
376
131
91
370
270
242
224
77
416
262
200
292
476
140
57
290
292
190
265
355
287
451
315
475
491
34
328
489
47
370
461
393
289
207
179
234
268
216
220
376
499
15
157
115
24
342
239
485
426
344
446
414
145
126
317
148
338
359
260
373
202
363
97
63
197
283
324
235
80
54
68
397
162
398
353
98
353
355
474
37
56
291
162
454
39
5
73
386
462
238
247
294
4
232
198
226
125
6
146
40
117
64
324
427
469
33
133
377
141
70
253
371
398
487
376
371
188
393
109
180
163
8
195
8
201
132
103
362
285
401
196
254
382
59
273
108
155
392
269
465
74
115
274
110
225
124
80
404
190
488
132
79
379
241
58
206
127
389
230
132
117
483
143
125
212
178
323
22
66
218
14
67
72
296
419
228
386
61
124
285
420
496
207
335
28
316
190
172
482
201
268
192
419
85
312
471
150
65
479
227
499
83
53
65
261
272
169
87
422
48
188
404
178
131
424
202
100
86
485
256
66
99
317
103
341
67
324
277
384
182
274
402
97
274
499
378
13
44
408
241
495
447
469
255
169
410
89
156
270
292
71
313
219
220
124
102
67
489
99
8
338
230
180
124
420
483
420
174
374
150
79
346
150
37
368
202
366
391
32
55
140
187
105
55
161
382
478
399
183
457
192
79
183
131
490
14
267
232
135
451
430
257
475
10
257
70
459
114
443
491
86
86
486
457
373
28
386
453
188
489
280
381
227
330
256
469
284
339
19
288
162
275
171
448
23
125
401
363
417
11
134
334
235
78
334
20
447
321
320
430
33
471
121
229
117
430
210
155
459
307
308
229
190
68
462
43
275
114
27
185
306
142
310
450
298
435
247
189
402
440
302
450
386
334
292
7
47
279
442
337
394
155
496
485
40
338
142
343
56
51
155
301
69
377
442
167
89
135
64
6
120
195
200
258
299
493
231
187
453
400
336
262
305
302
223
467
72
377
466
466
232
333
104
193
35
263
39
364
399
436
298
13
374
237
487
288
222
7
431
164
364
137
372
429
49
111
442
233
425
397
172
236
49
46
407
156
421
368
185
192
455
482
359
333
288
187
261
427
191
494
433
61
208
436
234
159
73
270
180
494
204
337
86
245
91
16
399
172
345
109
151
129
217
460
436
183
7
105
40
244
377
236
496
195
257
167
406
139
390
323
246
121
292
286
93
356
82
335
146
307
373
403
89
325
313
343
98
187
102
4
137
329
495
61
463
307
131
137
498
471
289
279
19
259
448
307
299
20
179
406
439
59
280
60
152
233
62
181
328
132
301
281
458
116
253
140
485
203
447
286
238
24
185
205
396
462
20
180
241
19
157
478
20
194
395
92
12
223
328
330
357
260
359
31
484
456
401
184
331
454
3
242
444
178
93
163
230
458
273
14
257
410
447
129
179
165
232
53
356
166
427
260
229
269
392
235
4
379
155
458
229
323
321
235
321
493
475
497
475
455
452
488
222
120
218
151
16
186
112
234
86
131
462
484
398
332
96
382
100
463
317
4
3
332
308
271
466
279
200
144
29
217
349
82
140
350
326
50
493
191
448
107
50
6
259
292
410
423
154
185
309
442
50
177
318
248
72
242
193
396
352
335
417
196
92
433
172
346
488
262
194
349
355
220
5
448
413
441
121
132
0
495
184
205
481
350
24
389
11
138
83
370
420
2
210
311
115
432
221
281
432
408
337
407
234
492
255
314
323
216
310
480
308
464
162
281
421
57
167
436
325
219
3
63
406
475
241
158
144
321
347
424
218
219
337
149
361
78
320
385
1
164
28
165
73
407
287
365
67
65
91
422
59
324
33
360
338
196
319
446
206
446
279
206
337
83
371
471
423
378
379
58
367
374
480
56
182
12
374
139
372
172
248
128
70
342
395
201
322
198
104
476
102
428
41
281
37
213
466
142
457
167
352
447
356
85
206
155
465
372
179
418
406
148
400
358
412
409
97
94
393
493
66
473
127
66
369
499
131
244
341
358
175
248
344
167
459
121
131
421
184
375
0
425
481
387
216
170
215
481
338
164
164
236
393
359
227
111
116
387
423
157
305
438
384
380
327
256
426
218
54
450
374
79
55
353
325
102
123
199
17
451
467
459
363
341
267
18
255
306
45
214
210
215
282
109
269
101
225
494
403
360
348
453
330
204
438
87
118
307
98
454
69
40
237
372
320
126
369
362
434
498
41
269
242
205
415
157
90
31
83
442
423
327
285
178
229
341
51
163
443
94
220
10
483
11
485
63
418
249
427
33
173
18
223
167
359
344
325
6
107
61
186
324
85
150
46
262
474
364
32
380
148
85
278
171
264
71
418
222
100
94
318
372
457
330
492
29
199
199
10
68
203
310
27
35
87
204
475
437
261
232
371
271
374
421
18
82
103
68
209
64
185
267
458
67
19
254
465
136
98
62
460
68
253
284
440
346
143
416
6
329
440
17
221
0
109
115
316
397
449
442
43
209
441
185
369
390
88
78
430
269
266
102
31
178
42
83
476
247
134
463
450
153
17
57
475
373
451
379
369
157
241
396
420
453
224
195
114
112
381
121
179
186
153
187
286
332
214
374
409
24
27
107
241
316
110
76
11
20
190
113
143
201
228
109
84
155
248
116
180
384
198
30
171
339
35
249
318
100
266
426
176
139
40
259
279
177
479
188
315
92
222
320
347
241
319
387
127
8
371
103
82
302
395
29
352
79
106
312
247
290
341
248
239
348
331
108
407
249
26
162
397
302
277
381
317
372
402
212
101
83
20
147
61
145
454
492
227
244
221
130
275
94
45
128
390
499
120
490
149
27
197
441
293
232
320
99
479
217
434
483
350
499
96
132
48
315
58
333
335
493
366
491
401
14
367
38
60
169
107
46
152
152
22
310
274
178
343
209
57
171
161
487
138
292
219
252
474
277
176
389
492
492
26
197
47
413
286
105
17
32
345
115
328
230
246
75
354
441
309
382
455
273
417
233
432
230
63
360
452
476
351
284
497
15
431
233
124
182
150
339
479
345
240
100
312
5
231
346
287
176
9
385
173
99
107
419
236
485
469
2
304
65
238
326
295
476
339
303
309
94
142
278
429
50
13
126
256
215
317
266
463
452
53
335
283
448
473
497
407
59
483
56
288
437
60
56
458
125
95
83
325
37
138
356
97
54
138
50
407
443
492
370
246
96
354
325
42
323
477
19
367
460
123
26
428
483
106
388
264
73
205
3
206
383
93
1
198
96
114
289
158
223
51
415
119
323
106
51
282
376
114
119
176
152
248
467
147
422
184
6
44
160
467
354
31
63
437
254
461
496
143
111
104
209
201
59
420
323
18
382
289
242
409
281
164
352
428
310
401
53
5
485
276
406
203
357
108
33
21
251
181
144
17
465
465
216
71
153
194
430
332
435
217
196
10
181
145
195
379
362
181
32
347
157
431
41
478
322
377
197
386
154
168
113
462
168
439
12
423
19
60
365
386
250
181
275
316
144
65
473
194
285
406
230
272
185
413
324
157
327
246
27
297
416
218
185
17
479
260
207
40
119
449
250
421
403
15
298
155
436
150
318
240
85
296
429
325
306
152
233
187
160
498
1
351
2
313
47
34
39
269
472
327
184
364
112
196
42
359
54
384
324
483
440
67
427
261
170
354
119
498
59
112
336
32
119
289
210
245
118
399
439
416
111
335
92
470
373
470
164
83
98
496
264
13
495
338
269
444
257
336
78
419
395
122
486
388
254
433
480
252
0
336
113
487
40
403
356
85
346
446
113
284
422
319
294
8
277
486
61
229
463
334
97
464
240
200
282
397
149
171
73
273
375
46
96
196
165
3
256
90
253
71
482
439
427
353
315
160
393
326
180
465
158
260
217
251
173
392
30
164
175
226
307
347
152
387
3
416
191
259
324
375
448
484
434
464
2
286
278
415
293
17
178
468
461
359
317
284
456
84
434
239
134
340
149
450
208
38
7
220
91
496
41
166
411
182
68
110
331
244
207
400
51
245
21
229
211
228
312
292
427
296
195
443
230
107
148
80
401
111
282
153
58
63
243
218
161
120
346
301
444
461
278
4
14
416
279
224
162
222
76
132
114
237
422
36
175
337
421
220
461
378
437
490
238
46
256
99
301
332
100
130
48
76
370
308
301
190
97
351
135
421
93
156
100
100
181
215
439
78
272
181
394
261
57
221
280
243
133
331
223
40
13
409
61
238
194
488
12
147
277
267
431
79
385
213
459
3
138
121
433
366
349
153
53
23
70
252
398
434
270
228
450
380
172
189
55
34
128
364
294
100
128
84
294
483
275
11
449
171
284
109
435
259
122
75
124
175
37
228
80
471
450
430
204
44
479
388
477
289
140
159
495
64
115
200
166
337
404
364
166
201
240
105
48
122
430
486
87
82
388
250
128
91
25
76
408
88
23
173
74
93
414
106
147
368
490
339
1
385
72
245
2
260
430
345
35
45
303
476
342
354
448
130
399
146
352
150
162
336
383
171
2
115
299
331
295
252
227
296
436
344
407
157
37
208
103
426
213
362
165
79
68
238
484
133
142
45
335
411
239
33
258
340
486
302
322
417
141
140
170
168
32
404
492
34
216
487
281
262
465
395
215
440
283
339
371
370
478
403
252
351
48
452
426
415
143
276
270
159
252
205
224
185
287
285
290
224
294
42
470
271
213
196
276
277
133
340
315
71
497
392
165
95
95
128
308
143
206
250
189
38
189
60
380
75
396
211
387
214
158
234
466
178
453
81
437
386
293
77
153
435
92
18
392
96
196
390
52
456
440
174
34
69
374
20
308
19
298
121
119
12
369
322
300
473
190
489
154
154
189
228
103
393
223
400
118
241
381
456
374
412
32
254
487
237
316
466
270
391
328
139
438
411
222
486
496
431
445
256
357
278
225
424
444
410
174
57
180
488
250
42
315
462
342
108
404
198
221
271
77
188
213
109
488
388
56
286
254
21
365
100
197
314
258
52
149
29
413
141
195
466
140
404
59
411
367
41
275
338
435
189
101
347
143
273
391
267
457
86
105
471
183
86
173
126
293
399
152
429
477
437
295
153
438
313
398
425
414
456
374
89
131
351
105
361
339
101
28
53
377
47
368
329
69
43
48
476
270
208
194
7
306
486
485
391
26
444
69
208
269
311
231
353
169
464
205
64
118
88
478
286
233
286
350
418
247
103
34
295
475
487
487
212
347
179
81
24
300
225
226
200
304
12
493
186
248
311
315
399
371
180
286
124
34
429
44
201
144
158
417
398
478
36
405
126
418
293
490
222
128
342
0
72
296
57
362
443
244
275
218
15
118
175
107
188
463
305
251
20
319
489
36
331
381
492
454
315
84
390
247
489
194
307
282
264
372
356
17
3
25
491
280
290
308
432
310
435
405
325
385
419
236
93
370
227
465
484
253
191
184
385
230
237
379
206
362
298
79
321
310
228
284
270
380
179
64
354
258
451
317
309
183
287
208
438
457
32
112
401
225
257
468
16
344
198
30
255
226
331
159
58
274
373
85
339
348
72
101
299
191
408
457
426
276
46
28
490
251
204
362
182
48
183
62
133
481
147
410
177
438
149
211
166
45
17
27
455
477
38
165
161
11
51
267
168
167
88
89
16
38
352
386
133
98
15
271
108
346
395
280
395
69
335
496
344
194
357
27
182
173
169
62
430
123
337
92
71
89
213
345
412
265
112
370
423
431
452
99
478
78
390
43
280
355
24
148
440
380
333
211
396
163
358
47
231
436
229
44
213
361
449
313
290
474
479
368
317
414
327
470
360
316
66
224
160
39
80
168
77
186
320
409
263
300
370
37
60
454
3
246
1
226
493
273
94
143
240
455
306
57
449
304
132
329
329
304
332
104
104
498
52
376
56
197
419
161
226
70
387
367
140
460
48
215
266
476
227
290
244
244
263
135
326
311
406
200
377
237
82
138
331
428
355
61
255
89
356
7
251
181
234
99
94
411
231
342
490
210
96
326
409
460
347
196
449
117
219
110
481
396
471
263
41
387
26
161
179
27
271
130
16
300
209
209
58
39
149
119
124
312
445
243
264
125
116
348
204
182
34
314
313
449
283
451
103
452
282
110
265
133
411
363
96
142
263
56
212
123
456
84
291
65
33
35
227
150
336
162
283
214
416
121
69
25
474
140
367
425
391
61
247
8
201
174
243
163
56
104
484
428
168
339
394
159
222
484
168
203
80
193
494
235
456
123
145
219
63
149
52
44
165
148
130
463
445
256
396
167
498
103
142
409
131
376
90
283
29
419
5
105
404
95
353
329
411
216
243
269
298
355
243
123
89
452
206
154
163
21
350
126
243
296
369
77
55
361
316
375
397
469
469
328
197
220
53
265
247
266
292
136
389
141
243
301
304
63
161
297
467
80
477
14
459
297
46
132
499
104
295
299
339
122
135
157
107
251
46
63
199
78
138
373
483
400
12
480
186
186
482
300
151
343
226
87
383
265
122
329
86
329
336
254
301
297
497
18
474
159
223
389
413
242
216
291
125
427
301
434
0
453
9
341
296
344
312
420
37
287
212
310
491
355
287
361
308
11
449
74
406
125
31
274
233
70
81
42
188
23
25
290
286
388
155
9
17
366
145
14
132
273
382
392
389
384
421
384
231
356
1
258
201
294
332
432
420
146
241
279
238
116
493
497
246
452
384
138
405
168
473
421
198
133
232
434
104
348
144
220
345
19
326
71
446
477
143
409
450
450
214
393
213
461
110
391
302
162
494
184
49
204
223
457
323
243
223
19
42
156
425
398
319
295
403
431
454
141
398
252
402
172
42
7
146
402
103
145
424
74
55
66
442
118
428
174
139
160
351
468
70
53
326
396
220
402
133
402
88
60
227
470
334
253
11
322
404
200
159
58
147
154
79
413
210
164
87
261
58
87
179
482
249
364
308
314
180
302
311
147
288
498
494
410
292
426
207
312
397
464
43
321
363
467
447
444
262
211
118
438
190
260
417
73
202
435
120
9
499
486
134
79
183
14
36
432
188
326
461
149
190
298
414
176
407
421
109
422
16
221
411
113
390
352
233
135
215
390
384
468
211
249
354
370
30
1
445
351
443
350
191
169
444
297
185
216
443
369
403
90
87
177
480
8
96
230
384
1
147
243
328
15
386
356
250
407
214
132
401
285
174
432
240
34
366
45
222
23
302
495
246
423
298
26
386
425
384
468
107
77
415
197
199
122
393
75
394
297
340
430
391
354
354
264
237
217
402
352
226
447
275
317
448
89
379
0
175
228
412
129
90
352
44
441
375
228
130
147
128
297
76
476
30
105
478
408
72
2
91
170
356
438
95
312
176
188
283
143
33
152
264
330
147
85
111
145
30
274
67
246
337
70
359
199
193
409
454
249
311
283
381
471
149
154
298
202
449
273
242
491
45
337
382
496
308
242
153
243
12
253
288
120
430
88
296
231
136
19
311
443
