210
206
203
216
192
421
203
203
329
202
215
207
300
223
203
195
205
188
239
167
204
221
204
213
211
240
210
203
196
194
203
214
322
82
208
203
204
205
211
204
447
184
201
212
205
206
237
204
236
202
63
203
217
36
219
205
98
155
205
215
202
180
209
215
202
306
128
354
215
233
196
198
237
213
204
204
194
194
197
214
217
220
296
217
203
220
217
194
194
205
200
217
198
461
214
199
200
212
199
194
163
197
200
276
226
230
200
238
200
200
200
200
200
200
243
200
37
200
200
240
232
79
140
217
203
205
211
136
211
283
211
246
234
211
193
215
212
211
243
247
247
227
207
227
198
203
204
493
224
230
198
189
189
132
236
205
193
198
225
212
204
216
242
19
281
207
207
136
128
250
228
4
190
230
203
190
225
123
190
190
235
195
145
130
190
190
157
190
167
190
221
213
121
22
193
191
190
202
242
191
194
57
64
190
148
205
202
199
202
210
210
210
36
216
205
132
246
35
207
214
189
216
221
207
329
216
189
223
235
143
225
184
225
236
213
217
163
205
222
204
216
236
218
183
205
202
224
202
202
237
195
237
195
221
250
220
144
195
214
203
24
240
211
213
206
183
216
19
205
214
214
214
43
107
250
130
187
180
206
187
148
214
213
210
215
215
228
164
101
196
170
229
329
221
126
228
137
222
175
231
195
218
156
233
205
208
229
210
193
214
246
246
208
93
8
217
239
421
197
216
242
220
226
229
211
208
196
188
107
184
210
215
54
220
197
199
202
202
216
216
215
210
215
229
199
212
197
194
201
212
218
184
246
213
187
222
212
212
212
36
225
36
225
225
235
300
215
184
212
214
214
212
170
213
217
255
201
195
187
211
28
106
202
206
216
217
246
213
211
238
211
208
204
211
98
211
213
213
213
128
213
442
206
128
213
219
237
98
219
213
219
219
214
214
250
220
206
250
216
217
192
192
231
215
191
217
216
195
192
244
195
322
195
196
199
197
194
117
194
194
338
195
194
199
199
225
199
199
150
233
197
194
216
236
197
36
198
196
235
210
197
237
148
142
198
198
198
198
199
194
194
192
192
192
192
192
192
192
197
197
197
220
197
73
109
196
206
196
196
196
196
188
257
225
161
217
217
220
201
217
412
224
162
206
193
189
201
148
206
198
206
191
206
209
212
188
188
188
188
188
188
188
188
154
198
198
198
153
476
188
368
189
210
218
193
447
132
421
210
219
207
189
209
215
204
227
227
227
166
136
210
210
59
207
215
338
202
207
207
187
207
245
219
193
219
223
207
36
187
36
193
193
224
218
193
36
206
218
144
208
219
223
206
228
220
242
208
233
220
246
441
447
207
230
223
208
208
208
208
208
208
207
193
204
193
193
223
204
174
189
193
221
229
229
219
219
231
219
234
222
189
329
212
227
199
199
242
212
234
220
222
150
218
237
237
138
232
231
74
447
237
302
244
231
231
243
168
232
244
244
243
129
8
232
245
245
134
241
222
245
245
126
230
238
238
236
366
230
236
220
236
236
220
236
236
220
312
237
236
218
231
234
9
219
218
237
218
219
209
192
201
193
191
203
221
224
221
179
354
152
12
23
333
230
166
137
244
183
222
246
246
144
244
222
222
183
141
222
180
408
186
132
209
179
272
234
234
234
230
231
64
241
218
235
235
235
235
224
148
67
234
234
195
447
78
239
108
237
235
241
222
239
239
247
239
239
228
249
122
59
109
235
235
158
235
235
11
125
226
226
468
27
171
227
227
226
227
226
238
412
223
153
223
47
223
19
223
238
229
24
238
239
235
244
226
223
223
166
153
201
317
166
246
246
218
228
218
119
236
236
226
137
230
228
144
239
239
243
239
224
224
220
265
226
293
25
246
238
232
148
229
229
163
161
424
221
231
227
153
228
135
243
221
226
221
165
139
147
221
221
244
227
141
227
232
246
226
161
229
144
227
144
245
227
132
245
133
226
226
14
12
140
135
349
226
165
227
233
228
228
160
136
52
229
5
229
229
229
438
8
170
242
129
233
126
108
169
223
223
139
237
237
231
242
234
230
165
139
228
249
228
243
232
230
303
230
230
125
153
222
22
231
230
143
340
130
137
231
306
134
140
164
240
232
239
209
209
9
209
14
412
139
231
401
407
407
243
244
135
244
164
130
233
153
12
121
222
231
222
265
137
137
240
137
447
137
301
23
140
248
233
233
188
42
408
408
121
1
129
225
240
240
225
172
240
240
240
426
132
199
224
293
156
221
130
195
242
224
166
261
224
166
133
244
156
156
160
156
21
473
161
81
156
161
151
156
161
302
156
156
156
156
157
156
156
138
137
233
233
154
232
190
416
232
135
240
228
54
497
104
161
18
129
137
232
244
136
50
242
248
233
93
142
146
29
166
48
247
232
111
246
373
138
247
147
150
433
78
150
124
242
248
248
249
247
248
248
248
248
113
248
248
179
170
5
146
248
242
242
242
242
489
139
192
166
240
166
138
137
149
445
138
146
133
127
127
127
165
125
126
342
422
132
132
126
22
127
240
137
127
144
138
125
125
125
125
127
139
127
147
127
126
163
134
132
147
126
126
110
179
139
138
12
254
225
133
104
153
9
139
150
0
0
1
0
0
102
126
147
180
139
133
0
102
102
234
164
165
165
165
165
165
165
134
154
165
164
164
144
144
280
236
134
57
224
201
225
225
245
302
139
234
209
133
239
239
239
39
163
117
142
245
368
168
245
245
245
53
161
245
245
172
301
208
153
52
135
187
133
187
174
187
132
160
224
157
181
416
54
138
167
128
175
175
175
175
126
175
167
10
154
240
147
157
168
167
43
125
160
302
340
242
185
132
133
101
81
160
160
168
125
45
224
171
134
144
171
134
140
134
186
186
441
146
170
170
170
25
138
170
17
138
182
137
170
165
171
149
414
134
475
167
167
168
167
167
167
167
168
167
138
16
132
25
135
168
132
78
163
132
133
133
281
5
133
133
137
155
125
125
5
21
133
134
139
151
180
180
180
180
180
128
143
143
143
128
115
117
172
171
186
42
181
182
182
182
147
26
134
137
136
151
136
129
280
152
163
169
163
136
163
146
133
147
201
139
163
134
154
104
150
161
59
403
138
142
303
130
384
135
166
151
130
131
201
130
130
201
116
130
134
201
201
147
151
151
151
134
130
152
13
155
131
131
153
168
136
130
160
450
130
47
201
172
129
148
18
150
425
183
183
83
183
183
183
8
320
495
64
130
23
48
131
147
130
135
131
131
103
14
131
141
7
18
165
243
243
87
243
135
42
31
234
135
135
135
243
152
21
135
144
135
140
129
128
128
15
128
154
163
26
136
129
129
129
129
129
129
150
86
182
172
138
155
29
380
29
18
142
125
128
128
154
155
422
146
24
150
150
150
12
154
131
150
182
21
241
241
152
25
154
346
152
152
152
273
127
26
320
127
154
126
153
153
26
153
152
180
150
143
182
181
182
154
141
126
245
152
297
142
165
12
179
416
9
181
127
149
10
17
361
180
180
152
28
152
151
141
120
154
131
435
131
11
4
4
4
3
4
181
23
4
35
35
27
94
10
35
238
35
35
142
143
140
131
184
45
138
164
429
155
429
9
155
155
155
184
54
7
182
148
369
18
153
149
149
149
149
149
3
168
182
106
179
148
148
327
21
151
152
149
18
149
161
12
154
168
181
131
305
128
141
47
8
33
148
326
131
131
29
126
129
424
424
247
168
16
49
23
151
151
151
148
60
148
148
15
243
9
57
275
329
329
360
376
153
29
151
146
184
319
23
50
170
22
162
119
18
142
247
124
42
147
176
162
162
161
162
161
159
159
171
160
162
22
161
18
11
162
159
162
162
149
172
149
23
11
149
149
149
159
50
155
146
50
50
139
78
185
78
440
168
168
11
11
172
146
104
156
319
41
157
479
143
172
176
176
196
26
145
181
13
142
159
123
184
147
172
172
384
152
103
171
154
155
155
176
176
171
147
175
171
181
182
143
277
141
172
22
18
184
143
386
157
159
169
159
146
157
159
159
40
159
159
159
84
319
159
159
159
155
428
145
142
142
64
422
184
279
142
184
247
128
140
140
140
44
146
140
52
144
144
108
173
147
140
372
124
146
171
30
10
170
133
13
142
254
47
73
24
13
146
143
143
262
25
24
14
4
6
0
12
143
349
169
359
169
209
169
173
22
487
321
54
173
54
173
93
173
173
173
171
174
174
174
174
174
174
83
175
174
173
174
319
174
174
174
311
164
174
40
174
173
173
84
3
3
3
8
408
163
163
64
64
64
157
157
14
7
10
319
373
306
191
52
52
11
11
25
11
416
25
144
10
10
14
158
158
158
158
158
158
158
158
158
24
177
158
7
169
51
51
51
374
157
167
191
228
248
248
167
167
47
58
96
56
15
24
374
24
116
47
161
145
303
12
119
43
145
145
8
111
348
140
140
168
141
141
247
141
119
269
175
141
175
169
141
141
183
2
145
13
145
11
282
238
166
179
183
54
54
13
92
38
52
13
48
166
15
166
11
183
183
183
51
158
172
158
275
157
320
157
157
157
53
164
53
53
172
238
158
172
127
127
127
169
169
13
49
108
121
13
4
4
12
336
181
72
180
180
29
29
463
36
19
480
11
56
19
23
46
46
8
15
6
15
31
47
13
22
13
53
53
51
7
158
475
2
57
108
11
14
7
249
408
474
7
2
2
2
28
10
447
264
264
264
264
7
264
9
371
323
2
126
163
179
299
428
12
12
98
112
123
10
10
10
14
298
190
124
112
25
55
55
31
431
431
185
77
427
428
427
427
427
427
428
427
339
428
428
19
428
339
25
22
101
19
42
182
13
14
14
9
14
241
241
241
241
20
241
5
233
145
46
50
8
281
196
7
7
164
164
164
364
248
122
12
422
422
10
10
53
374
302
49
8
38
355
52
16
51
175
52
23
279
47
110
11
176
104
95
7
315
362
164
164
164
179
179
179
179
179
179
179
89
7
7
52
52
162
162
162
162
162
238
25
42
478
2
440
425
9
283
8
189
189
169
9
303
303
46
58
238
238
253
30
24
177
177
177
276
175
177
177
344
177
178
175
178
178
176
306
477
178
178
178
368
178
257
178
178
178
51
176
178
178
178
299
54
177
8
21
27
1
8
18
50
50
50
80
459
52
52
116
2
328
307
267
51
51
51
51
51
51
49
2
49
46
3
40
46
22
2
458
21
114
5
24
471
60
59
34
60
360
60
409
249
249
249
247
8
449
249
249
249
247
249
249
249
419
249
248
247
247
22
99
1
92
114
25
61
399
30
16
145
324
5
170
27
176
70
100
145
261
211
302
419
121
5
370
52
52
47
46
59
59
59
386
9
26
23
9
1
6
34
3
122
185
24
46
46
362
18
21
121
342
108
185
27
6
8
349
37
46
28
263
37
420
112
96
32
34
37
26
23
124
263
340
102
37
342
176
186
4
46
39
36
29
185
185
185
185
185
47
185
185
185
185
185
56
56
23
26
98
50
50
82
79
124
37
117
79
103
34
79
88
1
16
416
6
25
31
433
433
13
14
49
14
333
1
48
468
33
155
348
4
340
2
24
100
79
68
359
16
20
20
124
435
20
120
91
77
96
124
20
313
19
16
40
39
21
20
141
77
123
186
186
186
186
111
49
27
1
2
16
0
122
48
160
160
160
160
160
49
67
431
489
28
49
347
0
105
0
1
186
106
1
124
2
48
17
1
374
1
136
21
293
293
0
1
27
48
48
48
6
6
274
366
10
15
61
48
48
48
375
375
375
375
60
60
28
145
68
30
28
470
25
145
26
13
122
5
55
6
108
6
55
6
25
369
28
28
27
61
61
171
61
331
46
46
46
23
6
24
22
359
69
58
21
5
122
478
3
233
124
78
58
30
51
6
58
41
1
471
366
180
480
15
30
30
120
99
190
447
58
191
27
408
190
191
191
190
173
92
38
61
3
58
58
58
58
323
58
58
498
178
177
345
175
177
177
176
177
177
177
48
48
296
43
27
408
22
261
33
33
33
362
33
17
28
426
27
316
27
145
41
28
122
41
265
447
41
3
3
377
117
61
367
455
125
42
76
77
61
61
61
33
16
61
401
19
30
43
30
30
265
0
122
30
30
30
30
110
3
24
88
0
363
366
369
431
120
81
81
81
401
56
27
100
110
50
460
407
53
53
268
53
14
35
3
3
3
328
22
35
27
274
37
373
41
113
124
19
176
42
124
191
45
45
43
118
395
39
57
40
42
19
19
45
125
33
43
83
274
79
33
19
16
120
18
18
321
87
35
29
21
95
20
29
29
26
47
17
47
47
47
56
34
104
56
107
18
367
123
54
39
16
41
43
61
35
32
16
368
57
57
42
17
100
9
41
41
59
123
61
17
93
89
173
496
57
359
32
372
17
92
31
16
17
6
49
359
49
32
373
55
0
463
328
20
114
116
191
86
358
37
41
39
31
33
112
15
62
57
50
23
184
184
176
146
181
146
56
56
15
460
296
120
15
57
89
123
50
16
49
57
60
59
56
41
181
32
303
60
37
15
36
60
60
117
37
151
328
101
60
109
319
117
353
61
37
35
373
34
32
79
72
320
346
91
166
408
408
87
63
33
38
96
17
66
43
43
169
55
35
95
17
315
37
62
68
68
90
86
67
62
89
89
86
86
71
88
90
0
435
37
31
31
31
31
31
31
31
143
498
94
43
36
44
15
377
377
321
407
218
325
44
21
123
21
49
105
35
123
4
124
4
94
34
59
4
26
32
33
420
261
88
59
58
370
41
122
58
34
34
38
57
107
115
340
60
108
86
76
459
55
38
491
38
38
38
99
38
38
191
38
378
38
67
489
17
94
80
99
402
121
77
118
79
80
367
44
39
39
98
73
39
39
106
34
45
19
29
285
39
57
81
35
87
475
378
108
367
38
32
482
263
378
378
378
378
378
378
378
378
188
277
37
39
42
43
19
111
94
122
171
94
44
108
101
300
116
116
108
113
93
186
397
349
114
109
284
32
40
40
40
40
64
40
40
370
40
123
40
40
35
40
9
41
42
34
89
362
89
88
91
90
339
68
88
102
369
20
102
57
54
55
119
20
20
113
20
350
107
389
370
389
73
74
374
270
433
373
271
335
373
181
370
324
368
368
370
408
281
87
94
79
108
87
326
87
82
109
112
301
93
85
81
105
48
94
111
94
315
428
393
90
72
339
102
91
118
449
116
102
101
296
99
103
103
94
103
94
85
103
104
111
101
70
335
105
100
96
94
93
85
124
71
100
77
285
101
285
85
114
63
122
372
77
77
443
49
77
77
98
98
98
105
351
84
96
120
68
80
84
122
496
297
297
297
79
399
96
397
95
97
97
64
108
97
97
103
97
271
387
108
103
83
83
87
469
162
101
101
105
101
101
331
32
20
316
79
107
107
369
77
106
106
33
278
117
33
97
106
106
82
70
93
171
369
76
79
79
119
374
99
95
279
117
261
358
118
67
182
276
377
371
120
109
94
95
99
122
68
372
101
101
75
352
98
344
112
120
117
290
68
362
480
360
76
42
42
105
244
363
105
105
105
39
84
274
122
105
109
423
45
31
95
59
441
32
32
381
232
36
55
55
43
60
43
62
62
106
106
106
106
106
106
97
259
34
34
34
110
191
63
98
434
117
104
114
112
104
471
104
356
107
104
96
104
104
85
81
317
85
85
116
392
368
416
176
457
491
97
63
160
103
103
103
103
55
296
103
432
100
88
74
105
324
81
81
89
89
89
66
93
75
93
59
93
93
105
424
39
486
81
255
414
414
270
414
121
93
109
384
241
469
96
96
351
96
324
44
78
78
117
63
110
80
80
65
64
84
95
78
84
97
75
84
274
84
84
96
367
96
96
118
86
99
275
365
99
352
99
32
32
497
469
371
105
84
92
98
341
98
85
85
95
81
95
110
311
113
328
255
115
53
364
94
99
479
95
95
81
317
320
93
93
107
95
77
77
274
326
293
115
367
123
92
92
92
92
99
115
362
430
111
85
287
111
323
283
348
102
241
100
114
271
117
114
114
304
114
114
258
103
100
90
109
7
84
84
338
82
315
109
77
69
109
115
116
99
113
374
116
374
115
351
121
491
116
115
119
99
109
92
367
109
107
119
89
314
82
271
55
107
84
409
348
420
287
55
83
297
78
80
29
360
114
354
102
365
331
114
115
110
310
398
113
119
102
434
434
300
116
80
90
120
80
80
88
80
65
62
82
64
63
63
456
291
110
75
337
371
110
110
316
369
475
26
88
88
81
81
95
123
69
458
109
407
116
87
62
90
120
83
92
323
91
373
490
371
371
111
116
368
359
207
64
62
292
118
85
85
110
67
66
66
63
63
75
115
114
370
379
113
209
75
75
75
75
75
75
75
173
69
69
75
68
139
121
111
374
90
495
313
86
492
458
86
63
333
429
118
111
65
112
87
76
399
112
90
397
268
90
70
71
291
366
119
112
121
70
76
331
110
78
496
91
92
407
407
74
254
254
115
186
376
186
495
301
186
64
64
63
120
89
268
340
15
371
302
495
388
333
302
327
326
327
384
76
76
76
363
76
76
76
312
76
76
367
209
70
69
88
74
56
56
331
331
356
327
294
337
5
56
111
56
303
69
69
63
86
86
352
325
325
325
325
314
325
314
325
86
73
88
73
314
74
316
123
379
88
79
334
111
69
74
368
67
110
495
260
90
89
362
90
67
90
91
420
67
67
338
112
119
308
121
359
88
374
371
119
29
67
67
73
73
338
291
74
341
253
259
363
313
65
399
399
66
399
65
111
65
72
350
482
497
136
173
74
366
366
374
315
315
275
71
496
209
71
72
304
71
453
71
71
301
68
346
113
344
118
68
369
70
475
91
70
319
70
54
66
66
66
331
66
66
72
316
72
72
72
72
72
463
72
74
74
63
65
65
379
65
65
65
65
374
463
65
74
112
441
65
82
441
376
71
305
66
66
369
66
66
377
112
83
112
290
332
82
372
315
332
333
460
335
334
448
324
470
333
66
118
379
363
62
115
67
313
403
362
70
70
70
70
70
91
313
407
71
331
297
327
327
87
327
69
253
370
69
359
118
338
338
83
83
83
395
333
83
83
83
80
345
276
370
324
355
280
290
53
36
351
136
136
45
480
53
78
327
353
91
113
466
351
372
120
107
327
369
253
327
414
268
120
335
348
119
423
343
360
68
499
113
313
407
407
426
426
426
68
371
432
373
335
351
338
335
337
371
335
303
303
335
365
371
71
75
82
82
44
274
62
356
341
119
182
369
341
341
463
330
362
374
277
317
44
98
336
97
98
273
335
344
334
293
337
491
337
334
334
113
241
314
370
118
118
118
118
332
332
332
87
113
420
318
113
113
78
261
324
332
334
331
69
330
330
73
73
45
328
328
369
5
67
56
315
348
362
326
326
303
316
322
367
367
316
331
340
318
318
318
432
342
318
304
279
318
62
26
331
315
326
358
74
360
307
368
258
323
321
342
333
329
334
334
334
334
334
323
329
337
341
367
334
337
259
365
330
312
251
483
278
341
275
361
367
107
107
87
295
361
341
341
60
336
62
387
71
423
72
62
78
304
326
301
326
275
69
309
340
336
312
336
336
329
337
326
430
82
91
82
299
320
87
264
465
337
337
337
330
330
241
367
266
312
69
326
426
334
392
445
330
263
315
309
330
279
368
350
279
209
337
304
329
330
316
339
325
368
5
342
368
258
371
363
340
340
316
59
69
321
74
334
350
336
425
368
272
345
337
337
414
364
92
71
91
353
344
86
294
90
316
319
338
86
362
71
62
339
316
355
306
321
342
342
160
85
85
359
304
92
412
91
490
483
304
304
304
320
304
305
305
263
304
342
479
370
356
73
305
492
458
491
316
495
334
329
54
288
309
373
313
89
54
54
417
415
415
418
415
127
307
418
418
413
420
472
418
419
419
416
454
415
419
282
82
419
493
336
418
369
369
302
389
347
364
315
371
462
329
491
468
318
26
372
314
316
316
372
373
313
322
270
367
315
362
372
350
292
28
278
28
28
326
365
401
379
356
436
335
301
491
359
458
336
349
313
325
254
414
469
315
279
318
363
316
312
372
406
314
322
360
360
365
392
356
475
192
451
321
347
314
269
343
181
285
17
485
345
458
458
370
60
326
426
404
372
372
365
313
319
342
342
45
278
376
372
181
401
313
314
372
468
465
268
100
100
395
326
255
452
483
453
330
350
335
343
115
344
269
452
357
373
373
295
314
317
322
301
353
312
373
298
255
452
364
389
347
359
382
292
489
312
361
360
362
322
360
438
295
269
270
315
359
418
278
365
274
342
277
365
318
365
365
365
359
317
364
470
342
328
258
314
355
386
359
388
142
484
20
328
355
328
328
345
321
321
319
321
321
321
321
491
321
279
289
477
278
348
310
279
274
497
268
292
267
333
97
280
404
267
406
97
346
351
268
259
392
363
479
363
363
44
278
421
363
418
363
289
355
448
397
355
355
355
314
498
361
318
324
331
361
332
332
371
332
332
332
332
332
441
404
365
365
343
460
341
341
341
341
400
392
257
353
375
358
358
358
261
343
361
381
276
267
73
91
361
414
381
275
313
363
251
342
363
352
352
352
352
352
347
339
352
352
479
350
350
358
255
343
431
364
364
273
312
340
313
341
265
270
395
340
344
354
358
258
319
320
252
358
343
284
265
351
351
351
351
251
346
350
346
344
354
357
344
486
270
314
364
364
364
364
343
365
370
354
335
335
353
358
356
281
284
312
358
312
355
353
331
313
339
339
339
339
339
339
375
375
461
351
298
345
468
358
315
346
333
291
347
351
413
354
273
366
256
290
344
417
297
338
361
255
374
385
385
296
343
343
295
273
189
295
279
261
72
265
345
354
345
104
471
432
272
366
267
366
280
378
339
268
479
317
307
360
348
348
294
251
267
450
353
356
324
360
333
422
345
320
288
346
281
169
354
351
338
338
418
344
256
357
381
294
314
357
357
328
268
317
309
358
325
356
356
356
356
317
470
320
424
273
345
345
358
344
344
319
319
319
320
320
312
347
328
366
328
366
377
312
366
385
330
261
277
347
487
322
276
309
424
295
357
354
354
346
320
320
364
97
323
323
357
278
451
298
309
404
357
357
323
323
272
323
276
355
297
308
345
345
343
288
318
318
318
353
324
293
293
451
293
471
293
275
292
292
434
419
286
324
353
325
276
325
325
327
325
325
327
317
435
268
121
349
100
302
97
279
115
459
420
336
266
324
317
317
415
252
258
330
252
435
266
243
284
209
330
301
68
347
347
467
277
330
432
347
350
349
349
349
327
327
477
387
261
290
354
253
348
298
298
361
269
404
466
298
364
270
484
355
349
348
186
405
405
273
347
347
280
356
465
272
356
346
346
267
468
346
273
247
278
271
232
438
348
288
273
343
293
353
283
354
353
353
288
280
53
351
252
80
80
324
350
355
350
350
349
349
349
383
276
343
252
360
377
377
353
262
352
299
296
350
350
266
296
310
310
17
474
292
260
169
169
436
436
296
409
292
450
403
468
344
344
469
415
309
309
415
267
292
366
312
265
348
322
348
307
148
318
276
262
279
280
393
432
421
271
274
277
478
469
301
266
299
475
461
433
473
441
275
73
280
453
488
259
474
305
474
426
267
276
268
289
292
292
496
415
292
387
487
340
340
340
267
294
267
294
273
287
273
415
272
262
403
403
294
262
267
291
291
294
276
457
294
294
294
294
294
294
295
295
274
308
298
274
401
295
311
286
268
73
324
317
470
295
477
311
291
461
265
483
273
420
322
488
298
322
418
481
293
468
429
293
293
395
450
265
310
310
473
453
266
289
277
310
265
268
376
310
265
402
310
293
298
360
417
282
454
254
102
255
298
298
295
284
298
298
417
403
265
400
411
411
289
284
266
284
284
256
439
409
282
422
377
387
423
393
397
295
297
302
268
307
296
468
287
361
402
409
303
404
307
280
308
308
311
376
311
376
376
376
309
307
311
347
310
277
277
409
306
288
338
290
307
305
476
310
309
309
309
295
290
290
379
272
488
451
379
451
392
281
397
284
289
273
291
270
395
308
308
308
308
290
308
285
310
455
472
483
266
285
308
449
456
499
499
277
310
310
308
308
287
287
287
295
411
411
269
272
375
266
331
474
308
375
375
287
263
355
278
400
266
266
305
304
491
304
263
415
406
473
474
274
285
484
489
309
289
418
323
490
289
411
285
285
285
285
285
287
285
285
411
489
489
305
307
297
280
297
289
289
289
399
297
281
266
387
45
260
421
349
296
472
300
429
423
300
302
300
300
300
300
300
302
251
300
303
301
300
301
480
303
420
300
481
302
398
303
301
307
402
448
323
284
323
258
259
434
282
381
299
291
263
291
288
288
429
292
278
291
250
289
296
311
311
485
380
478
291
333
266
311
260
277
446
267
299
267
333
436
436
277
254
254
254
254
425
425
288
475
287
475
271
451
270
269
343
102
479
346
346
55
306
250
490
306
299
291
490
490
296
286
474
289
289
291
426
277
391
102
290
404
263
311
480
301
309
486
288
474
278
482
269
499
476
480
290
290
290
290
279
288
288
260
283
414
311
270
306
434
100
250
472
468
270
450
434
250
272
483
251
253
253
463
253
438
252
297
272
286
286
286
287
286
286
286
380
286
286
305
362
286
286
307
281
264
307
430
263
401
474
402
467
383
494
399
399
259
256
256
262
280
288
262
280
256
261
279
479
477
412
446
409
260
421
257
257
381
257
257
257
398
450
257
336
448
438
378
121
494
494
494
494
283
378
283
260
260
256
272
322
272
279
282
498
376
471
379
385
376
376
377
376
376
413
377
376
259
259
264
262
445
472
256
275
258
258
258
258
472
378
250
250
250
256
251
479
253
253
253
252
477
439
381
252
263
277
283
496
284
263
284
263
445
281
400
263
466
466
335
271
259
259
278
490
390
282
322
287
260
477
407
438
388
264
264
281
473
262
287
258
258
256
256
275
429
428
428
427
427
427
428
428
428
428
428
427
258
259
288
259
259
431
438
273
257
257
257
257
257
262
281
392
282
431
400
432
280
416
393
470
426
392
474
469
282
384
384
332
429
299
480
283
283
262
434
471
423
416
476
410
410
413
410
261
423
262
464
388
261
311
261
261
262
423
326
401
304
281
281
260
472
299
282
426
405
264
254
253
253
361
254
250
271
397
382
306
306
306
306
306
187
187
187
187
187
352
305
305
260
260
260
487
487
487
299
399
381
283
396
299
409
484
438
475
299
282
255
404
255
282
282
370
491
403
409
406
472
472
472
406
476
253
475
392
250
275
381
381
381
430
377
403
256
255
379
478
403
424
467
482
422
403
259
472
496
404
379
400
305
251
477
264
410
305
45
283
282
404
404
251
404
252
471
440
440
474
480
296
422
282
451
284
254
256
464
379
262
402
402
473
402
402
402
305
252
252
287
252
252
414
414
270
255
254
387
251
251
474
251
251
251
385
299
252
443
271
399
264
398
398
398
398
398
252
45
45
345
255
394
388
398
255
418
387
398
462
402
309
388
441
388
457
264
256
263
425
393
402
402
390
402
396
255
380
429
429
429
430
476
398
459
170
170
357
471
471
357
357
357
475
357
468
385
357
481
473
476
413
311
307
446
451
429
429
271
398
398
490
475
483
483
432
429
476
469
343
470
396
472
275
472
418
466
432
385
432
469
487
269
489
271
269
431
473
498
499
44
273
429
430
471
482
482
382
385
385
467
380
406
412
393
449
44
489
471
379
283
283
422
435
434
432
410
397
381
488
380
410
410
410
434
410
444
410
380
425
411
412
410
435
410
444
410
403
473
384
452
410
412
410
426
425
425
425
272
499
380
470
44
380
380
380
394
449
485
492
377
438
489
464
439
440
391
493
485
486
455
491
473
413
437
491
393
482
409
470
394
470
398
317
478
389
481
481
455
481
497
417
493
387
469
470
493
469
430
468
469
336
471
336
386
336
427
430
409
409
480
409
409
419
384
397
468
484
400
406
406
415
420
417
417
416
470
420
405
436
418
419
415
492
416
419
419
419
384
468
384
384
384
286
487
430
400
430
385
405
405
385
387
387
381
380
380
278
412
387
421
274
421
435
482
386
434
387
419
411
436
433
449
405
467
433
474
57
354
494
433
431
431
352
352
431
431
375
395
404
473
405
408
403
403
386
379
397
471
400
386
6
4
297
284
403
472
477
386
446
492
496
492
488
499
454
499
495
497
480
454
478
383
478
379
430
386
386
388
388
446
380
432
472
423
493
388
389
389
375
375
470
420
386
382
426
432
479
488
427
422
421
407
388
406
406
386
416
329
329
417
477
474
385
361
417
402
434
417
495
469
434
436
400
400
260
377
384
384
413
413
391
322
386
44
393
413
405
430
394
430
430
467
433
444
438
421
435
391
391
486
480
382
430
423
405
394
387
436
479
433
361
436
444
478
406
448
425
477
497
412
475
272
404
390
384
391
494
465
481
463
459
494
476
427
484
382
424
457
424
490
479
444
412
395
498
412
393
412
462
478
475
435
462
492
327
271
318
338
435
426
388
424
481
496
481
487
411
411
411
411
411
467
411
394
405
383
405
427
406
389
397
405
405
405
389
389
389
423
423
424
452
439
424
423
423
424
423
432
436
422
478
457
481
424
406
485
448
304
189
433
433
478
421
399
390
459
388
495
473
497
427
442
479
497
497
497
455
490
421
388
383
483
383
413
499
480
493
497
469
499
498
447
495
443
484
476
189
480
499
390
496
386
492
496
456
431
436
493
453
493
493
467
389
412
476
464
494
385
496
495
486
479
450
485
486
455
499
492
485
495
496
383
470
493
464
397
490
385
492
492
486
437
437
437
486
437
437
333
496
464
485
477
383
477
473
466
476
375
375
481
492
492
492
494
493
482
456
493
493
383
494
438
498
478
485
498
498
498
494
494
44
484
493
425
494
392
396
462
391
467
485
484
465
447
425
492
393
453
485
485
442
382
485
485
396
442
442
442
442
442
100
498
487
487
490
451
440
440
486
454
486
382
382
382
476
382
41
484
484
484
382
484
499
467
462
484
487
462
443
442
445
488
395
440
488
437
458
437
445
447
488
448
489
488
445
444
421
396
394
441
456
453
453
453
448
449
425
406
407
488
440
449
461
444
488
488
478
413
449
449
449
449
449
449
487
452
486
455
466
488
487
437
452
473
482
482
396
396
396
445
497
463
486
476
498
448
497
490
490
401
487
275
458
271
459
269
483
483
431
393
439
438
438
448
392
458
383
435
447
458
454
438
489
489
446
489
489
446
393
444
445
445
445
466
491
443
463
396
443
443
443
445
443
442
495
465
483
466
456
460
456
420
446
455
401
457
276
437
446
446
446
266
453
440
444
466
466
466
444
444
464
444
444
396
451
397
482
457
420
392
292
447
441
440
443
443
445
444
453
453
446
446
446
486
422
448
448
448
269
440
442
491
452
452
467
390
467
396
467
399
399
452
452
452
462
462
401
434
434
498
383
466
454
417
448
413
413
441
441
441
441
441
463
450
450
451
451
451
458
451
433
433
442
463
463
407
452
413
389
389
463
481
457
457
396
456
456
456
435
456
391
390
461
391
461
390
460
461
461
461
458
458
458
393
459
459
483
459
440
442
397
401
464
408
453
409
456
383
383
383
382
382
455
455
455
442
464
422
437
443
443
453
270
460
270
394
269
269
437
416
413
416
415
417
415
417
417
418
461
414
414
414
437
450
419
417
459
459
459
459
456
452
466
456
453
401
401
455
481
439
440
481
443
395
450
450
450
450
396
400
400
400
455
394
408
435
395
462
437
437
443
457
465
457
455
457
457
457
467
465
454
465
465
465
323
439
439
439
439
439
439
439
439
467
465
395
464
464
390
464
464
465
465
465
395
454
454
394
454
454
408
460
460
445
499
460
460
460
460
390
477
395
394
463
390
461
461
461
391
391
461
495
462
460
391
464
464
390
390
390
483
436
393
482
436
482
392
392
391
390
454
454
454
462
391
462
462
394
394
394
265
206
200
195
196
150
197
234
244
12
2
5
123
117
276
324
381
