31
34
162
47
43
33
0
52
44
53
54
2
167
61
161
42
59
161
168
157
162
57
52
38
36
31
58
34
161
59
50
53
159
170
441
40
32
42
45
48
58
160
170
169
160
51
40
42
34
157
59
38
157
35
34
55
59
37
492
60
53
38
55
61
493
61
57
51
41
48
4
45
49
34
170
47
42
45
43
46
36
495
60
38
49
47
40
52
34
0
156
44
37
159
36
0
49
4
55
41
493
36
41
52
55
48
59
355
33
54
44
159
156
56
158
157
161
45
60
495
39
48
51
55
39
56
31
32
58
53
35
40
51
49
56
32
69
159
156
31
161
49
56
40
161
156
35
0
46
162
493
160
42
48
0
39
47
39
53
31
31
57
162
493
34
56
441
159
53
56
54
492
61
441
156
41
46
40
50
156
36
42
4
39
32
46
55
36
47
493
38
35
157
44
36
43
35
32
440
58
54
44
441
46
33
157
31
45
53
158
158
60
58
50
161
168
160
493
43
0
160
51
60
61
49
40
162
41
33
38
4
50
49
158
45
33
48
38
60
55
38
157
37
159
168
44
52
39
56
37
51
33
57
4
37
157
158
48
47
44
31
61
160
41
44
58
36
39
60
495
42
58
47
43
46
43
49
54
40
160
48
32
168
33
32
54
495
168
39
156
46
53
170
156
45
47
41
57
58
37
35
42
37
50
57
162
43
45
57
32
159
51
160
35
61
50
33
35
55
0
32
41
59
54
57
60
161
0
43
50
37
59
54
162
56
170
34
159
59
52
52
46
61
162
51
50
37
52
443
444
446
441
457
447
451
451
444
439
443
450
462
449
466
471
440
465
465
450
457
439
461
466
449
472
461
457
465
445
453
442
438
438
451
445
445
465
443
462
452
329
445
455
458
440
453
283
450
446
457
440
452
443
462
450
457
449
442
446
459
457
451
444
467
466
470
466
459
458
461
459
460
452
462
464
438
463
446
441
456
448
459
456
460
446
454
454
465
442
462
460
459
440
463
443
462
466
455
445
463
447
451
460
450
443
441
458
454
438
454
439
463
458
457
466
445
467
448
442
443
439
451
460
444
466
451
455
440
439
444
456
447
448
454
362
455
439
438
452
454
450
455
455
453
459
457
462
454
454
443
442
452
440
455
459
448
438
461
461
444
438
446
456
456
447
460
453
438
463
439
450
462
461
448
463
461
456
307
458
446
448
449
448
442
446
444
466
456
459
452
448
447
449
461
447
453
456
450
451
455
441
444
439
445
312
438
450
452
449
467
453
458
458
449
460
440
458
453
464
449
460
463
447
442
475
469
472
480
481
481
473
467
470
481
482
468
470
464
464
468
474
472
464
472
447
489
481
353
474
475
482
480
326
471
474
467
475
463
470
471
473
465
474
472
471
467
482
469
473
468
475
473
469
469
474
470
474
473
480
482
368
473
468
482
472
464
481
475
325
471
468
480
320
470
480
473
464
464
482
471
283
480
323
465
475
474
469
471
469
480
480
469
480
482
469
473
482
473
489
470
467
481
467
475
465
470
481
453
475
468
468
472
481
468
452
474
472
177
173
183
163
181
166
177
186
178
184
184
186
483
166
183
184
163
173
175
175
181
165
176
175
182
182
165
178
163
180
171
169
171
179
172
165
182
185
184
163
183
185
174
478
174
181
163
166
185
176
165
180
182
183
177
174
165
166
177
179
165
483
171
177
178
183
181
176
183
172
185
177
172
174
186
180
179
171
173
173
185
164
165
176
171
185
180
181
176
177
479
184
184
173
184
179
166
172
182
178
166
172
164
163
178
164
174
172
179
182
164
171
169
175
180
170
164
174
478
180
164
173
172
172
179
176
175
166
179
181
165
171
163
176
186
183
164
186
186
483
185
180
183
182
175
181
178
166
184
175
172
175
173
163
174
177
179
173
186
180
178
181
186
171
164
178
169
182
185
169
176
390
476
479
477
478
383
478
483
477
476
479
477
169
476
476
479
479
479
477
478
479
478
476
174
476
483
477
483
479
483
479
478
478
169
477
477
483
476
476
362
298
365
295
281
374
346
372
493
314
276
310
284
292
498
358
312
313
313
320
264
340
358
365
293
273
298
288
338
278
309
277
286
291
322
318
308
359
272
316
323
334
371
317
332
345
366
336
327
367
278
269
322
329
283
303
273
253
360
292
369
346
374
311
264
288
318
372
333
336
261
266
341
361
285
359
311
290
339
343
326
328
251
369
266
344
262
262
360
339
336
289
349
353
192
298
371
272
341
308
291
254
309
250
339
323
305
277
279
333
259
362
302
348
338
328
324
312
363
351
369
257
366
347
364
347
250
283
258
314
265
305
269
255
293
281
352
284
298
338
347
331
282
311
311
328
336
292
351
292
357
251
265
276
294
342
276
370
306
294
254
370
297
273
345
283
340
311
318
358
365
351
250
311
289
490
328
283
308
275
361
302
281
278
319
361
346
261
308
388
267
291
288
333
327
305
267
313
316
314
358
367
281
366
348
259
364
367
368
305
334
259
364
329
307
292
275
322
324
352
304
255
372
356
344
330
326
298
252
259
260
339
273
343
257
327
259
295
339
270
287
373
269
332
290
335
322
367
286
356
265
334
345
296
302
309
342
263
316
324
264
300
346
338
255
303
315
261
265
293
365
337
336
328
362
495
253
253
286
266
358
369
288
323
255
280
265
340
367
270
372
285
335
330
349
251
349
291
357
268
296
292
280
270
490
255
490
289
352
254
357
263
305
275
320
257
318
333
253
360
371
341
369
308
282
346
251
340
493
337
330
353
338
347
252
349
374
353
318
349
335
319
309
310
289
368
279
267
327
365
340
313
334
327
275
286
293
490
293
268
263
348
342
329
337
366
267
314
334
265
294
271
490
272
304
261
268
359
284
332
250
350
306
343
256
362
363
303
350
261
352
258
264
259
273
271
343
274
321
355
331
495
344
336
325
288
258
362
335
296
327
284
335
363
335
330
266
320
371
351
365
291
319
373
325
302
350
251
364
284
490
303
286
266
254
264
319
374
265
260
262
302
337
279
280
259
317
342
279
351
309
346
330
326
354
260
250
289
333
337
317
312
324
256
285
252
356
372
341
269
357
275
292
268
262
374
316
349
323
280
266
251
373
344
262
353
364
300
292
329
357
495
256
251
273
272
353
307
289
300
366
314
298
262
324
306
256
369
344
299
361
307
313
253
286
303
338
347
352
333
280
356
331
300
361
286
314
350
371
317
350
321
328
359
355
311
347
284
295
341
340
258
345
270
301
294
295
316
342
283
320
256
344
258
290
361
374
318
363
355
264
261
298
345
299
288
350
267
322
106
356
250
373
337
255
295
305
342
339
343
297
295
317
356
257
368
370
256
304
296
495
314
262
359
324
278
357
373
287
364
330
315
282
369
338
299
360
368
332
291
312
329
366
268
329
285
323
299
326
360
272
309
282
308
268
300
272
303
306
338
322
297
307
331
278
316
274
372
190
255
336
282
279
278
304
330
263
319
294
317
370
259
374
312
354
252
297
281
273
287
261
282
293
340
358
290
269
267
294
320
315
285
373
354
266
254
306
346
325
313
343
118
354
281
253
355
364
349
250
295
357
345
287
253
270
353
352
287
300
362
344
277
258
315
275
374
320
271
308
263
325
370
271
255
257
343
250
270
269
285
324
274
303
263
276
271
273
280
328
321
301
305
345
372
342
324
274
337
335
354
344
266
366
299
339
288
297
271
277
326
316
348
373
368
331
308
279
279
355
348
290
498
341
276
321
363
257
258
370
264
257
333
260
267
297
318
333
323
301
265
286
326
290
326
347
330
351
277
240
252
337
283
276
276
336
350
320
289
318
321
315
302
284
340
304
291
270
335
359
287
359
304
284
328
307
304
257
312
269
349
343
279
100
287
353
278
309
355
306
334
290
331
354
360
310
315
361
372
310
296
260
275
342
332
325
256
361
318
325
331
274
371
327
334
277
363
277
267
307
357
327
258
288
339
289
271
355
321
354
299
322
323
281
296
329
306
254
321
296
310
498
312
325
274
301
316
299
363
367
334
368
371
292
274
348
310
293
253
359
277
274
310
373
280
306
321
367
287
281
298
285
271
498
264
280
251
363
252
315
328
263
301
341
275
365
270
294
272
365
286
263
282
360
317
331
317
261
272
356
309
296
371
291
295
339
348
254
300
471
252
268
285
366
260
368
299
303
314
310
333
282
346
301
347
293
254
348
301
307
302
285
278
256
332
319
358
352
350
304
354
370
276
322
260
371
319
319
301
351
313
269
352
260
369
305
268
367
360
364
373
370
313
262
345
311
315
252
351
332
294
332
362
297
300
341
302
17
123
74
77
99
24
14
73
108
75
77
120
62
13
102
73
67
24
83
73
107
78
87
74
85
86
18
113
96
93
3
18
117
99
16
113
96
86
76
71
110
30
99
103
92
76
70
124
81
91
26
8
121
84
9
124
75
67
114
22
67
73
62
83
67
65
85
14
76
115
109
4
16
26
10
112
63
10
85
69
64
4
107
72
66
14
69
72
70
71
94
113
72
28
74
25
77
71
100
74
67
67
76
86
69
66
72
3
8
1
73
81
70
76
101
72
96
118
18
119
102
26
88
81
122
10
112
107
16
88
95
27
3
25
7
62
124
83
67
90
94
105
67
1
11
111
23
27
9
76
115
27
23
111
65
6
95
8
80
107
103
2
30
113
63
25
93
158
87
110
82
7
7
121
23
112
15
81
21
80
5
23
91
13
109
74
7
92
90
115
100
22
27
79
66
77
19
8
116
112
20
90
79
9
71
95
17
83
78
19
29
19
21
97
78
104
94
78
80
21
116
8
102
105
1
93
107
23
11
120
109
100
103
121
77
5
107
97
16
100
86
95
24
119
80
71
84
75
79
115
80
110
15
12
84
91
66
99
64
72
21
80
99
94
79
110
88
17
101
78
118
94
21
120
121
103
18
103
25
108
73
87
95
65
95
80
97
92
24
27
75
99
66
120
3
63
111
120
8
121
16
14
122
112
29
90
25
124
24
115
113
103
101
73
122
89
82
115
92
84
121
13
6
116
81
15
79
106
109
98
118
114
1
91
79
97
85
106
100
79
110
17
104
62
65
13
1
112
80
12
5
89
106
65
15
101
101
65
119
22
117
98
114
29
11
87
22
69
109
91
120
120
70
102
85
1
5
108
12
65
98
106
100
93
121
75
118
14
19
91
106
6
110
111
19
22
22
3
117
1
123
88
85
108
88
68
117
104
63
88
87
13
29
117
28
113
96
25
104
16
107
96
16
84
96
72
105
20
24
80
82
100
114
122
69
22
18
64
5
94
12
14
28
123
28
86
92
24
79
81
117
28
86
75
122
62
97
10
29
82
106
87
26
90
9
113
71
122
88
29
68
5
115
111
30
6
87
123
114
5
12
6
116
110
116
83
102
97
123
63
82
83
7
78
122
23
30
29
17
84
77
123
30
113
119
112
30
98
105
66
89
30
77
119
64
4
30
3
27
89
116
16
114
70
104
66
113
89
81
124
2
6
64
104
26
71
82
3
90
104
118
62
2
77
68
158
101
71
22
96
8
96
2
108
63
18
10
17
68
98
108
121
83
94
3
20
6
114
117
92
20
68
11
12
64
91
82
28
64
95
29
120
70
12
105
85
98
9
24
116
93
85
23
62
7
26
102
98
102
102
98
64
65
63
93
65
109
110
20
18
109
84
2
119
10
68
89
123
111
123
11
105
85
91
9
116
72
28
82
68
14
118
93
2
26
101
90
20
19
13
11
9
13
107
19
119
89
15
15
15
86
14
20
66
121
105
109
124
78
101
111
20
11
9
5
78
19
7
84
88
99
69
6
75
21
78
99
104
26
11
108
27
93
68
124
106
92
124
12
17
8
115
21
118
10
1
111
108
119
15
122
2
90
18
97
103
81
10
73
89
64
25
27
28
76
74
81
105
13
7
90
75
92
112
69
117
25
70
72
119
94
95
83
70
23
70
76
97
63
62
114
103
17
21
87
74
74
86
74
230
217
126
125
199
155
245
249
149
195
212
225
134
227
209
155
189
192
145
149
140
210
144
224
193
202
235
190
142
245
197
212
190
149
132
204
204
155
194
201
224
202
194
492
152
143
205
224
246
127
216
231
214
191
243
236
154
208
240
222
212
240
242
244
201
126
247
215
151
207
130
138
223
200
238
199
213
146
211
492
144
223
142
206
125
139
243
231
141
153
249
212
222
141
148
144
149
208
133
192
135
242
135
190
229
131
195
244
127
229
198
249
147
167
213
137
150
218
216
230
226
133
219
245
236
145
242
137
127
247
201
197
234
131
246
218
224
132
136
143
207
232
247
232
188
134
127
200
129
142
201
206
191
492
153
207
167
201
239
204
131
190
224
212
206
191
152
232
216
215
243
243
227
197
140
241
128
492
132
221
198
169
206
234
223
236
238
239
228
141
126
151
229
134
235
245
137
198
238
211
136
144
227
150
235
153
142
245
227
204
209
154
145
152
225
239
151
234
194
143
220
248
290
139
492
187
131
127
195
147
135
213
199
225
203
141
150
199
126
217
230
138
190
232
155
139
131
150
150
148
148
155
155
234
147
149
139
208
150
150
244
168
216
140
148
196
143
143
146
138
145
209
189
204
189
222
223
205
226
151
190
203
146
140
142
140
213
134
187
219
215
125
147
198
208
139
193
248
195
151
132
212
133
205
239
133
132
192
141
228
189
194
232
142
137
219
144
127
191
241
130
195
188
238
154
146
130
147
231
215
227
232
144
144
213
248
188
241
189
143
213
191
492
150
221
239
214
195
242
129
224
188
237
146
243
241
221
210
211
189
229
153
134
222
128
140
242
188
145
129
201
207
153
244
227
128
197
230
220
153
236
133
249
139
125
236
155
247
227
243
222
135
136
148
167
148
192
236
125
219
193
205
188
154
148
187
201
211
210
233
197
217
142
167
238
218
211
154
225
129
193
207
187
128
141
217
209
240
235
128
212
132
249
240
133
152
248
152
245
210
191
229
214
146
136
232
202
153
237
246
221
219
218
130
234
247
189
221
145
233
200
136
130
248
216
187
167
187
140
127
138
228
213
240
131
209
130
246
126
234
137
154
125
241
218
229
167
239
152
226
242
227
125
219
188
206
241
131
210
222
197
217
152
192
200
130
207
210
229
223
243
219
238
149
234
197
216
246
225
138
138
225
170
143
220
204
206
237
202
198
215
238
135
237
148
208
137
231
218
136
226
151
234
218
200
233
217
247
237
211
246
237
132
242
248
137
203
136
202
143
198
192
214
230
221
154
139
140
126
170
128
149
231
135
241
208
133
145
228
233
214
245
146
204
192
204
233
198
244
151
138
231
209
200
207
220
128
225
202
237
220
224
297
208
228
193
226
168
128
241
137
201
213
220
204
200
203
190
248
232
240
203
197
149
216
134
221
222
205
492
219
205
144
135
210
216
228
223
237
127
152
248
132
141
249
239
246
193
194
187
194
243
244
195
135
228
129
195
235
235
230
187
203
125
194
242
199
239
245
203
205
224
129
210
231
187
202
196
154
191
233
244
200
247
223
211
226
155
245
207
226
236
235
136
233
217
249
209
215
236
190
146
139
147
206
217
240
188
209
212
214
138
205
246
189
196
220
218
215
249
226
194
198
147
208
222
153
129
199
133
233
126
235
129
202
223
230
193
151
130
196
196
221
203
193
230
168
206
191
214
225
215
131
134
211
229
147
238
228
214
244
220
195
199
196
141
196
126
196
126
247
199
142
231
145
134
410
387
400
382
499
415
425
437
401
496
497
387
387
379
405
377
405
396
415
387
383
432
427
426
397
377
433
426
411
425
395
429
425
415
382
417
399
426
375
411
393
408
403
388
403
417
422
384
379
434
494
381
420
496
386
394
431
416
381
394
376
416
423
407
388
404
376
494
418
427
421
417
434
426
432
389
400
381
436
403
389
380
411
394
418
390
402
429
385
415
376
381
425
494
496
424
389
427
423
499
406
399
422
385
399
381
395
391
386
496
401
396
496
394
494
394
414
425
424
394
380
431
377
403
428
402
385
424
393
494
398
429
434
397
412
434
377
375
393
377
375
378
411
497
402
427
421
431
496
386
408
419
390
413
436
390
427
402
398
395
419
418
413
421
429
426
375
389
397
499
418
414
383
392
378
428
403
427
416
400
424
383
396
431
390
424
429
496
384
390
380
399
418
426
432
409
395
426
380
416
393
400
403
380
407
375
435
417
429
431
400
432
402
397
388
420
409
405
407
385
398
376
392
391
396
499
413
406
420
413
385
428
404
379
430
376
428
388
412
420
387
422
497
436
379
498
385
376
417
395
381
394
390
422
403
385
387
414
402
407
386
417
401
404
412
380
405
405
416
434
376
411
405
413
431
386
413
434
414
400
395
435
431
409
383
415
494
422
398
437
499
413
427
380
379
393
437
388
414
384
378
432
399
414
382
437
398
395
499
404
408
405
409
401
409
428
415
421
405
393
411
432
411
389
426
377
432
423
386
408
424
430
419
430
498
392
418
412
391
408
424
419
392
382
421
429
407
433
376
429
409
388
409
379
408
432
430
434
401
383
383
420
400
381
420
415
424
379
391
497
410
391
408
431
498
499
404
496
416
414
394
430
398
410
423
436
421
378
423
433
419
375
426
375
384
380
433
423
416
412
411
397
390
417
388
384
423
401
375
404
391
401
437
417
387
382
397
410
436
406
398
378
427
378
437
413
496
404
418
429
414
398
434
435
399
392
384
399
406
415
382
422
410
396
423
430
402
378
420
385
406
392
386
422
377
399
419
497
422
435
396
402
412
430
406
377
435
437
497
433
416
396
433
412
404
399
379
430
425
391
398
410
403
407
420
499
409
435
494
381
424
389
389
386
421
400
406
397
410
418
428
378
497
395
419
428
387
383
428
421
433
389
498
392
435
401
391
437
436
425
412
436
393
407
494
393
497
408
410
382
407
384
435
396
382
425
433
397
411
436
419
384
392
484
486
486
484
491
484
485
491
484
489
491
489
485
484
486
484
488
486
486
487
485
490
488
487
484
487
488
491
491
486
490
489
491
489
485
488
491
485
486
486
488
485
487
486
484
491
485
488
488
490
485
489
488
485
487
487
487
487
489
