80
80
80
122
95
109
80
111
112
120
77
12
12
237
13
221
3
71
488
12
81
454
232
195
177
25
232
359
232
232
109
69
232
367
367
399
122
367
345
461
367
374
367
478
406
406
406
406
407
378
434
406
406
364
406
336
338
473
48
60
336
393
381
270
346
336
3
51
335
3
3
281
3
15
3
448
358
304
485
358
137
454
358
78
358
358
352
357
357
160
357
177
369
357
11
158
195
357
319
319
367
106
374
319
322
3
346
320
50
283
36
283
361
84
283
344
26
425
281
283
103
117
123
122
105
116
113
103
120
118
166
166
90
377
215
155
465
164
197
166
460
62
62
107
115
109
106
98
116
113
62
470
390
470
470
118
354
246
470
472
207
470
61
61
477
48
61
117
82
161
61
61
119
124
111
97
124
124
365
114
100
450
285
94
397
450
450
450
158
450
448
378
67
148
426
67
67
331
334
364
310
218
316
338
331
331
482
331
253
254
253
302
254
213
253
391
253
253
134
43
354
134
170
354
464
134
82
401
168
143
328
229
168
168
168
9
177
177
117
177
177
154
177
177
384
177
102
119
115
106
69
101
93
42
42
491
42
7
42
42
329
49
305
196
108
77
99
196
368
168
427
428
427
427
427
498
427
427
427
31
31
248
38
398
232
206
31
31
369
275
333
356
40
275
350
271
275
431
112
97
157
385
181
157
157
156
157
27
179
157
44
108
44
44
108
44
44
44
44
44
44
226
226
90
34
226
290
216
226
226
175
367
367
367
368
259
457
130
380
66
151
151
150
151
183
113
82
151
200
248
244
78
121
123
78
279
199
217
78
1
341
341
341
341
66
224
98
107
98
77
166
108
271
204
166
166
371
118
103
304
166
213
375
180
213
201
213
172
213
210
94
123
360
368
94
66
62
92
202
45
45
105
300
45
85
45
392
16
45
97
275
324
163
275
196
276
159
275
375
279
276
94
95
94
110
104
104
104
432
432
325
330
432
191
109
392
414
431
444
197
46
197
456
197
197
197
197
197
39
98
277
257
277
277
434
63
444
277
276
42
276
276
278
276
264
112
285
302
96
374
374
374
51
357
91
458
374
352
149
6
391
77
149
149
132
114
149
330
149
464
463
414
464
439
259
221
435
464
464
281
281
281
252
218
122
109
281
103
329
342
268
329
317
329
287
329
245
245
241
245
235
425
205
245
242
245
338
337
127
4
127
48
127
146
51
436
125
308
308
308
308
310
417
308
205
308
308
262
374
251
329
395
373
80
19
374
374
93
70
93
231
231
231
309
231
231
178
173
34
231
453
396
162
168
69
48
379
443
425
229
388
426
436
411
466
466
87
15
471
471
471
471
471
471
471
471
471
471
471
426
426
426
391
148
329
117
426
461
461
460
402
87
141
461
461
461
29
362
362
361
8
350
362
134
362
362
362
362
89
90
89
221
405
221
218
85
443
442
443
443
159
443
443
443
175
175
86
466
150
41
463
479
57
466
403
410
294
294
294
67
457
410
294
294
288
96
96
96
261
261
261
370
418
261
178
308
276
257
435
425
89
216
303
449
326
316
425
425
425
194
194
126
194
211
78
78
78
72
77
79
43
281
281
284
281
82
338
193
281
310
310
263
310
310
272
435
124
104
101
390
109
396
390
390
390
390
390
390
39
39
39
41
41
54
134
39
67
285
53
23
87
102
65
67
486
67
85
297
85
401
237
99
70
120
100
70
34
416
133
34
350
34
103
34
440
395
203
439
440
440
440
447
440
490
15
301
301
234
236
398
403
234
217
234
234
234
10
404
404
347
404
289
404
430
404
404
442
276
475
276
286
47
368
276
236
440
236
236
87
13
46
340
236
233
364
206
33
236
161
146
109
487
38
164
186
314
325
314
341
314
67
291
314
314
435
314
490
332
447
21
342
490
490
402
490
77
391
391
62
481
391
303
452
410
391
74
99
74
27
370
369
370
266
370
333
370
225
364
256
314
201
442
442
491
27
442
442
442
54
54
54
270
210
54
238
54
226
227
226
441
226
161
433
134
361
226
306
306
284
306
380
301
305
306
486
306
241
373
89
101
241
138
241
240
160
115
64
115
453
113
115
484
318
259
47
260
154
259
366
88
98
88
225
270
88
216
88
106
457
457
457
482
6
457
390
457
80
77
202
202
203
210
488
403
488
394
481
488
460
488
41
230
230
129
222
164
230
64
482
483
482
482
467
482
482
81
254
271
72
399
199
39
190
81
5
5
96
5
189
5
5
5
77
77
192
192
204
205
199
157
157
179
158
157
170
243
157
144
157
306
307
306
306
392
306
261
306
282
268
284
257
35
25
398
25
319
68
423
206
101
289
25
410
248
248
248
235
248
242
438
249
3
4
28
20
3
69
3
490
297
198
490
259
490
249
241
43
477
477
120
49
266
260
468
66
477
467
23
435
83
412
41
2
119
119
26
307
26
26
307
26
317
115
26
385
162
102
384
53
390
262
157
217
157
119
157
197
54
186
186
186
186
186
231
304
186
186
199
302
66
302
302
302
105
302
303
302
232
233
232
8
232
88
154
125
125
135
125
125
87
125
125
125
345
477
101
12
7
159
11
12
92
12
38
71
256
256
256
256
256
432
256
156
256
486
186
486
486
70
486
484
115
277
405
277
436
277
388
22
388
388
388
40
179
40
52
98
40
40
40
422
317
317
317
181
317
317
317
317
254
317
307
380
37
389
10
381
206
380
117
143
143
31
433
200
142
143
399
164
411
411
411
27
411
411
411
16
297
287
287
270
287
487
487
487
487
487
496
73
455
266
487
171
41
166
1
166
452
452
452
351
207
452
190
452
108
119
412
412
460
216
59
59
237
59
87
324
59
79
113
385
385
385
385
384
424
45
155
155
155
155
125
371
140
155
392
301
392
170
299
392
398
392
392
98
392
28
362
395
28
124
179
215
28
83
35
83
83
83
366
9
225
7
36
7
16
7
417
409
417
120
438
417
417
417
417
417
114
430
93
399
399
200
164
164
417
57
349
408
127
192
433
205
165
1
412
433
448
433
494
307
356
2
132
280
152
165
225
225
225
225
225
75
18
61
75
407
407
265
410
407
407
266
266
270
389
163
313
266
265
326
405
326
326
247
371
326
32
326
29
23
29
29
217
29
29
29
30
102
70
172
70
403
94
120
70
90
38
25
159
290
24
27
158
158
138
158
190
158
93
158
76
114
184
110
216
76
123
76
125
125
125
8
335
20
294
369
424
90
484
75
103
90
105
161
161
161
161
316
421
40
173
48
131
131
252
252
252
252
252
252
252
252
35
35
35
162
325
416
40
153
153
387
387
387
387
253
387
387
387
387
387
387
120
470
281
176
95
251
251
251
263
332
251
0
120
50
85
51
51
51
40
207
496
111
84
84
187
156
187
187
187
187
193
90
187
209
203
209
30
209
321
141
209
209
209
262
264
8
8
460
460
460
460
332
460
488
434
434
128
434
59
59
386
445
47
199
109
420
59
429
430
427
429
429
429
495
494
375
495
94
495
148
495
495
495
39
88
88
98
88
123
186
186
124
191
381
186
135
204
203
204
204
435
211
309
204
411
411
88
88
88
451
427
235
231
110
261
231
349
296
9
10
231
477
477
112
84
112
313
96
116
108
112
478
25
25
46
47
23
168
168
137
168
366
168
359
359
302
360
361
359
359
359
359
227
151
227
211
229
227
227
319
291
291
291
495
419
359
291
291
60
61
60
60
431
60
97
486
486
193
182
397
79
203
193
193
156
369
145
156
202
156
156
195
96
221
76
18
18
297
18
495
210
56
300
111
56
56
478
56
56
229
318
318
397
397
396
277
397
397
397
379
379
6
363
379
379
313
228
376
145
79
469
121
462
117
174
167
7
222
454
287
287
248
282
248
8
240
249
368
304
111
111
258
448
56
448
164
477
477
473
120
16
246
201
201
174
205
121
345
201
441
481
441
441
441
203
64
16
470
64
197
446
447
446
164
340
446
446
446
446
314
450
132
132
260
370
19
370
212
370
491
370
370
370
61
230
230
230
230
230
231
230
96
211
108
299
211
214
486
211
210
394
420
420
420
451
420
410
411
325
409
410
410
149
101
149
421
298
149
193
149
102
408
42
80
325
489
204
25
469
386
469
191
469
398
379
379
245
382
483
447
379
362
362
361
362
347
363
285
89
89
35
434
382
273
171
147
59
212
171
171
171
171
358
275
476
275
7
13
272
188
334
48
48
63
46
46
48
462
460
462
462
462
462
395
51
51
51
341
162
418
51
120
94
296
86
398
314
493
398
398
398
485
13
1
122
309
23
266
394
95
273
111
112
160
111
81
22
377
359
22
347
359
346
454
454
454
454
491
455
476
336
243
304
190
461
461
474
250
145
484
31
109
478
479
360
336
342
334
401
172
86
336
364
131
307
115
53
434
346
130
335
336
335
184
173
430
381
381
485
381
381
448
448
448
447
374
375
15
15
178
118
39
15
160
270
208
397
418
258
304
270
491
454
454
401
178
105
452
454
110
299
405
452
57
393
393
47
78
100
316
456
22
336
32
337
336
336
15
160
160
159
137
369
481
359
97
3
45
3
2
242
242
322
374
372
374
36
26
37
104
36
72
170
36
114
99
247
60
50
38
65
147
361
123
109
325
366
215
282
107
63
23
466
77
433
328
189
86
123
148
79
79
466
95
288
283
283
294
0
116
116
237
301
490
80
262
212
423
148
118
91
99
377
305
66
28
433
321
207
63
166
165
245
100
86
110
373
155
155
250
155
470
46
470
470
470
207
207
207
207
185
212
209
268
383
161
161
67
161
124
48
102
368
498
340
365
367
73
56
64
245
310
426
426
426
298
377
455
426
67
429
67
190
98
334
327
334
235
343
218
219
218
246
298
218
229
218
218
56
201
302
297
376
429
345
345
209
238
4
485
81
71
191
97
151
71
216
134
356
117
117
423
117
406
226
154
177
378
137
177
90
177
384
177
224
257
147
400
321
384
485
485
497
101
228
101
407
102
21
170
83
187
386
238
119
138
143
127
434
17
52
94
72
38
257
170
467
495
196
220
196
496
31
398
32
188
232
232
86
232
121
61
369
174
428
425
428
97
35
122
170
326
264
156
156
156
156
137
105
361
27
244
27
140
421
155
424
226
226
254
402
214
183
413
290
393
449
290
183
290
290
290
145
104
207
444
151
96
73
200
439
237
141
248
248
297
244
248
82
178
82
349
325
151
221
279
298
360
279
101
107
288
269
271
271
258
391
271
199
199
199
178
195
199
221
244
227
244
244
382
1
235
1
394
467
118
201
201
488
201
216
223
269
375
345
384
323
119
412
53
252
326
172
412
210
391
210
260
227
323
213
47
378
378
378
378
378
378
378
378
304
109
216
205
424
223
499
202
83
360
465
450
361
360
458
273
148
148
148
494
275
171
60
81
237
412
60
204
95
95
140
94
484
86
450
86
110
110
82
65
408
52
110
321
325
262
325
450
326
367
477
394
330
330
297
260
156
254
377
254
191
159
159
159
159
159
39
162
63
303
479
444
444
444
285
285
213
381
358
304
100
6
6
6
6
6
7
2
68
434
81
285
100
463
375
375
375
375
427
435
435
175
258
10
266
259
259
465
458
458
458
458
367
126
458
342
342
101
103
46
468
208
132
132
200
146
494
431
115
146
92
456
195
52
205
205
205
211
205
205
205
262
382
403
272
395
222
168
396
396
407
324
443
443
364
394
12
270
2
7
485
310
386
436
112
102
388
311
388
388
264
87
86
79
441
71
100
302
313
170
8
239
484
451
426
131
112
402
402
402
450
175
410
339
410
403
358
403
264
57
57
22
34
283
80
418
270
96
442
184
382
309
301
303
425
369
481
425
81
144
225
343
268
91
350
72
52
72
72
423
211
239
211
116
217
211
211
211
79
214
184
2
55
386
410
43
454
43
95
441
281
281
386
305
108
11
82
214
326
326
355
268
424
210
244
284
282
184
193
233
296
193
435
429
435
297
416
280
289
366
436
490
41
41
273
32
285
285
409
227
320
10
23
328
298
297
297
95
337
297
434
237
237
237
219
166
77
65
66
65
363
267
134
129
350
350
447
496
437
439
246
439
105
439
203
368
121
332
440
339
440
49
447
366
454
282
264
228
34
71
390
10
10
67
10
2
312
305
488
57
319
47
47
183
47
118
382
340
340
200
104
487
330
487
487
440
399
358
370
370
75
333
333
180
333
14
452
111
95
452
24
314
315
491
245
430
491
491
27
383
225
324
225
364
117
366
36
109
270
270
54
210
227
165
315
229
115
311
305
305
305
309
19
89
322
89
51
110
68
412
486
4
436
113
113
83
451
241
241
241
221
373
394
373
89
373
318
318
318
318
318
318
318
318
318
453
93
453
155
94
400
203
203
309
203
176
73
202
202
202
249
202
206
481
394
394
494
394
250
394
394
222
222
457
386
160
423
480
129
472
129
128
64
64
64
64
333
107
97
145
467
467
271
361
271
140
271
223
164
164
107
301
62
203
72
72
116
61
97
72
214
400
124
117
189
208
189
338
10
55
378
5
5
297
214
244
199
85
122
205
28
238
170
468
490
243
243
243
228
489
392
401
392
320
261
407
261
307
340
93
307
307
323
288
256
233
284
284
179
84
153
179
337
52
68
68
68
206
207
90
321
351
289
299
289
453
209
289
441
327
369
423
438
438
438
264
433
184
152
244
249
350
9
28
249
241
241
139
241
435
435
433
412
23
23
317
317
313
320
285
317
420
102
124
468
469
468
468
365
468
491
468
468
147
52
233
233
233
310
87
43
270
7
118
7
7
76
65
11
11
11
306
162
192
176
302
302
485
344
329
65
92
371
107
92
78
303
190
190
116
176
269
184
186
17
179
251
123
224
70
99
306
22
332
20
22
22
40
243
49
31
254
423
235
436
107
111
368
65
131
193
380
142
142
153
142
252
142
475
399
399
399
399
23
98
427
0
12
251
32
340
498
455
384
459
121
171
171
171
31
173
235
169
14
288
323
200
287
200
467
200
200
31
194
190
175
333
149
262
216
216
324
185
87
325
79
237
196
140
139
287
126
140
84
141
301
259
299
299
299
328
327
398
398
27
67
362
348
362
99
28
195
28
28
51
135
215
16
16
26
301
301
301
311
301
345
430
459
430
62
330
145
7
310
114
114
71
408
198
408
413
184
165
103
165
0
38
256
409
409
409
269
137
280
173
469
13
74
1
80
57
57
133
132
451
132
164
264
164
400
61
356
356
243
43
93
389
437
217
445
111
163
163
18
163
313
465
265
265
275
174
32
34
32
19
219
82
396
172
342
114
172
417
100
407
407
407
407
228
159
159
446
36
342
277
29
30
273
50
29
212
24
72
24
9
105
365
382
27
290
290
144
290
478
290
290
113
217
216
216
134
158
257
70
158
158
158
30
139
203
20
277
20
20
20
42
38
68
316
315
316
316
261
331
484
348
8
173
135
40
246
93
13
40
35
35
357
131
439
62
253
269
311
253
176
17
372
176
191
150
124
0
0
351
90
451
224
128
128
128
367
58
371
47
266
432
2
429
488
494
373
63
355
494
430
98
71
150
167
181
381
381
372
102
204
24
204
375
375
282
447
349
209
349
349
349
322
296
84
451
37
175
140
66
137
137
151
150
151
55
271
227
128
272
419
414
495
409
495
162
86
60
380
479
449
335
182
182
182
50
115
277
418
315
246
436
8
310
430
475
489
20
116
18
107
17
307
300
488
300
303
300
300
300
300
59
408
421
298
300
229
300
300
300
300
34
396
396
396
396
6
6
6
313
6
106
210
313
313
114
422
313
376
376
0
376
105
215
145
208
87
228
102
417
228
53
453
291
272
287
282
287
464
304
174
228
162
151
220
174
174
117
163
13
153
274
243
129
460
16
16
16
124
178
229
345
345
481
338
481
73
441
123
16
30
16
136
470
167
470
64
484
96
189
197
197
496
446
263
445
485
446
446
122
132
174
100
208
382
231
230
230
232
409
121
210
219
210
394
445
236
104
193
408
269
408
399
260
115
80
116
491
489
489
187
25
25
31
25
25
204
154
216
21
204
476
52
193
45
358
68
497
35
413
122
89
263
469
178
89
447
447
434
261
11
388
434
363
363
363
147
147
289
212
212
212
135
358
382
171
171
171
9
24
452
429
476
476
476
476
475
476
146
185
46
74
451
463
462
462
462
418
479
385
329
121
341
4
404
274
162
259
247
314
69
314
492
492
492
492
492
492
492
492
492
492
492
493
493
493
493
392
492
493
493
235
493
59
494
493
493
493
493
493
495
492
397
268
382
1
108
152
63
303
92
1
12
260
141
8
455
454
491
491
473
476
476
395
476
476
113
336
363
190
147
444
280
198
299
272
388
250
254
306
250
401
401
363
401
401
485
43
22
135
464
172
395
174
412
364
364
268
131
430
409
307
307
365
429
130
160
109
358
374
26
15
15
395
283
485
118
39
39
39
435
34
433
178
178
178
178
375
375
473
101
258
297
258
258
258
258
110
263
322
452
178
51
393
397
52
456
456
456
305
457
388
340
405
182
422
405
405
337
337
337
335
337
42
137
137
137
242
409
238
339
217
188
188
10
188
188
137
188
176
280
432
359
387
359
325
432
366
365
366
65
403
19
103
65
335
383
215
215
63
63
466
383
466
280
466
213
294
294
294
294
145
422
423
423
305
71
364
305
28
66
66
118
66
464
440
212
475
424
119
63
383
74
33
165
245
236
207
36
373
224
207
250
250
250
250
250
69
268
268
267
268
283
245
127
245
106
310
282
257
194
426
429
104
413
327
71
62
327
229
187
229
229
18
190
190
194
191
190
288
4
219
219
108
219
380
2
90
90
449
384
384
75
150
332
195
423
423
423
323
423
21
329
372
181
154
43
74
412
170
97
196
196
196
196
196
333
61
77
105
86
107
437
170
369
349
91
424
424
330
424
183
183
183
183
153
195
449
449
404
379
393
393
393
444
444
444
469
444
99
243
444
120
145
144
50
200
200
273
467
248
283
354
283
274
244
415
90
43
428
272
479
441
350
269
119
107
303
73
19
298
10
257
342
258
258
331
191
199
116
198
448
427
408
373
195
195
195
195
192
227
260
227
1
422
99
382
345
412
233
410
411
53
46
47
269
489
269
323
323
323
323
323
47
100
413
260
260
260
391
249
244
187
264
52
58
422
424
130
83
220
341
450
56
463
273
215
273
148
99
472
172
148
497
474
81
81
81
60
60
412
227
82
82
82
369
322
450
8
260
238
330
330
330
443
434
93
21
290
277
54
304
404
2
69
111
103
108
81
26
35
285
285
427
41
304
358
175
312
257
126
126
209
199
150
29
456
456
456
92
472
211
127
172
11
52
235
146
146
345
146
489
431
217
431
193
14
458
291
238
272
466
328
120
79
79
87
104
400
239
309
239
239
112
287
264
36
123
88
17
80
80
122
138
69
402
402
402
481
425
99
81
240
225
432
152
224
451
91
91
69
176
52
432
442
458
442
339
187
85
357
463
217
175
77
2
191
146
8
9
185
2
55
107
55
433
418
418
441
441
104
82
268
234
357
230
284
110
282
431
436
424
424
273
273
273
490
486
201
328
320
339
320
37
249
350
166
165
439
184
113
496
496
122
496
246
12
246
246
339
339
499
174
328
368
228
228
327
96
97
192
312
116
264
391
53
2
319
474
319
265
261
264
488
330
330
406
200
319
131
75
50
27
14
350
14
117
449
54
106
127
462
83
221
373
464
89
89
233
373
331
162
249
155
402
400
400
400
176
202
202
127
202
69
206
224
206
473
386
309
135
431
154
9
140
164
161
465
472
472
472
472
472
472
472
215
100
299
474
449
62
69
448
445
43
473
223
223
214
214
214
361
267
189
189
55
55
55
129
55
189
314
214
214
126
106
242
85
85
85
28
78
253
494
485
490
208
208
208
208
338
338
103
238
238
474
35
468
93
245
76
340
457
457
457
47
52
53
237
55
212
68
68
24
209
327
304
453
65
437
75
110
299
351
296
296
152
154
289
458
433
247
468
468
383
26
1
440
103
365
92
298
351
31
65
219
167
11
11
114
76
311
377
92
229
92
465
494
97
269
269
92
497
99
179
115
371
371
22
22
19
255
17
17
235
124
235
224
455
5
43
65
153
46
153
168
399
405
405
405
405
405
221
181
138
112
274
251
384
384
377
93
384
459
459
14
228
459
19
38
14
14
436
19
169
169
169
169
169
169
169
169
169
169
169
95
319
323
467
349
351
351
182
267
411
196
196
287
325
27
27
259
215
215
449
398
99
26
26
459
428
459
459
459
459
459
254
311
311
353
49
316
33
198
184
0
0
360
0
0
38
234
74
1
42
451
451
270
250
263
278
243
448
400
43
173
400
437
437
437
150
72
251
484
265
265
273
275
275
265
289
275
174
174
34
34
333
219
219
219
343
342
429
417
417
415
335
338
266
481
446
291
413
342
276
342
364
365
365
95
24
478
482
142
403
217
309
158
134
33
134
139
139
139
139
139
15
280
280
277
331
332
331
136
331
10
151
222
333
131
332
130
62
247
253
253
351
393
489
405
354
176
266
266
266
432
494
473
488
44
488
63
63
150
136
189
160
372
477
372
24
24
24
447
447
84
447
479
108
349
84
84
172
37
37
37
37
142
322
150
150
154
55
55
53
271
389
284
409
203
60
68
242
222
239
86
365
467
415
418
418
418
464
5
33
246
335
335
135
475
475
456
475
430
123
79
436
19
111
59
154
421
208
313
208
229
208
259
208
462
87
5
179
50
369
59
453
453
291
353
291
149
279
162
129
322
406
83
481
481
481
15
30
144
484
484
445
263
263
263
174
189
496
351
181
446
221
361
335
421
409
219
220
87
445
445
388
473
215
187
187
489
489
489
33
360
154
298
21
21
25
357
357
357
45
45
45
68
68
476
477
274
18
396
127
396
396
33
363
154
249
147
147
147
147
134
135
272
327
480
471
185
185
185
185
185
185
152
146
239
393
329
329
268
58
247
247
108
455
365
392
33
235
206
312
143
496
395
453
395
395
280
291
363
334
254
41
137
432
54
22
22
198
121
135
469
133
341
395
73
73
255
307
160
160
167
430
19
21
18
442
263
263
452
92
305
182
182
182
397
397
397
136
376
217
337
387
126
343
403
448
403
355
321
383
383
383
234
389
280
280
213
70
213
403
213
71
145
146
145
145
364
363
176
350
74
36
36
36
498
36
373
368
369
224
224
460
460
127
127
257
233
337
12
13
194
194
194
91
242
194
18
18
18
380
380
380
380
286
75
150
191
114
191
188
323
320
372
372
372
279
74
179
333
333
170
324
106
324
418
330
153
379
379
404
463
328
283
283
467
467
354
73
252
303
303
303
303
141
289
269
350
479
479
479
241
221
121
272
342
342
73
73
144
167
328
430
489
489
133
244
113
58
341
341
341
49
56
181
246
222
182
48
172
172
215
340
322
261
474
332
46
54
54
349
41
50
41
179
130
175
175
144
107
431
193
37
458
458
272
344
146
466
466
466
20
345
322
431
334
319
319
402
327
402
402
296
425
419
377
425
240
240
240
344
91
176
192
192
138
138
143
184
442
339
339
463
463
461
463
116
465
390
191
9
9
185
185
185
85
49
85
368
377
42
234
234
328
428
431
486
486
12
0
255
428
289
288
288
439
312
439
166
247
422
247
247
247
212
246
376
327
192
192
264
416
458
180
474
474
181
474
474
474
220
487
406
406
422
320
408
406
170
50
118
167
14
14
462
478
132
464
88
249
344
249
163
400
400
498
224
224
224
472
40
135
9
33
431
85
465
465
236
465
161
445
445
445
400
98
421
259
379
474
380
473
473
473
106
126
78
253
253
494
278
267
298
279
66
267
267
267
267
238
238
238
94
236
76
76
113
76
198
129
24
366
155
154
247
9
296
296
142
453
79
453
393
1
438
440
383
498
436
304
286
351
351
355
206
352
219
311
311
311
49
377
377
84
162
21
465
437
497
497
487
296
255
255
255
255
17
17
17
46
167
168
449
192
192
75
484
413
459
459
112
118
455
38
38
228
236
100
98
349
349
309
311
411
474
428
386
449
448
49
49
75
353
316
316
316
262
316
121
33
419
360
360
360
38
250
278
278
338
437
437
343
331
437
437
0
265
265
265
173
273
451
451
291
321
93
343
343
343
343
413
153
480
276
274
365
364
352
478
478
478
478
142
142
480
148
288
139
139
75
10
333
389
74
324
62
324
83
473
473
44
44
357
63
189
160
160
182
479
372
372
267
372
222
222
143
479
55
53
53
53
389
284
284
284
284
365
343
175
175
421
113
222
464
464
409
5
312
201
33
135
386
475
152
456
456
19
421
463
462
179
239
415
262
415
46
5
123
130
129
129
129
129
163
149
243
30
322
322
131
131
58
15
15
147
144
139
97
247
189
163
163
351
352
271
335
221
220
138
119
353
360
21
413
119
309
309
37
37
37
45
45
128
21
477
249
134
136
64
469
480
71
152
152
152
152
389
354
389
389
389
389
106
393
274
130
206
167
206
334
334
480
363
11
254
498
469
469
133
133
133
133
255
255
385
73
353
361
173
70
70
404
337
337
337
497
263
321
321
321
234
234
213
401
343
343
311
242
240
260
320
320
455
279
279
279
279
279
74
383
308
162
84
422
354
141
141
141
141
141
269
265
497
237
140
386
69
438
49
246
181
181
48
340
334
414
274
251
33
56
222
386
223
332
272
321
20
20
334
334
296
422
327
443
428
339
461
461
461
381
499
461
308
96
49
456
336
42
42
286
286
286
286
286
286
286
286
286
286
368
289
312
312
312
262
422
421
439
439
126
376
377
376
376
376
356
376
130
181
181
220
220
220
220
143
320
320
408
408
422
148
167
344
478
163
163
163
132
132
76
50
50
50
346
352
482
29
472
240
33
465
465
455
122
380
95
58
259
257
66
118
279
494
267
372
366
366
278
278
278
278
212
278
278
278
278
9
438
142
340
439
438
312
415
438
438
198
296
355
355
353
355
240
142
352
351
21
21
255
255
255
255
17
17
371
167
256
256
338
256
288
311
130
497
100
29
29
173
419
419
420
122
414
419
401
401
401
250
331
265
455
419
148
355
142
328
356
328
114
75
150
324
324
17
354
262
267
53
119
483
414
389
130
299
284
353
449
102
151
4
180
201
201
105
152
243
414
243
239
324
58
58
58
58
139
139
353
188
188
128
188
188
188
498
128
220
220
141
138
138
138
138
136
136
136
220
64
354
354
354
167
167
480
385
385
385
385
385
346
404
404
130
321
182
287
30
499
343
74
74
339
339
105
339
101
497
133
141
194
140
288
480
480
438
455
48
499
48
214
414
420
334
251
56
56
443
443
327
499
415
381
336
223
413
143
428
308
103
308
368
356
373
262
262
421
126
236
28
131
371
30
106
132
483
482
482
58
58
58
104
184
258
257
280
280
218
352
299
298
298
153
92
340
415
414
312
312
355
355
352
240
240
338
299
143
130
198
104
498
347
165
173
414
414
414
419
347
91
419
251
419
356
355
346
123
355
356
356
356
497
497
483
483
483
483
416
414
371
371
371
344
242
180
180
13
4
180
180
180
180
180
180
183
4
4
353
353
353
353
353
498
498
128
128
128
91
20
326
315
182
30
499
499
499
499
121
415
499
282
295
133
133
133
288
288
194
313
194
449
78
445
11
498
499
480
57
94
381
463
143
348
131
30
30
30
483
120
184
419
258
121
218
218
352
352
57
482
354
223
352
240
114
198
165
165
347
173
136
346
347
347
347
347
347
346
346
346
153
251
383
19
483
483
32
483
483
416
416
416
416
421
421
242
233
144
242
13
4
4
4
218
124
218
183
183
183
91
106
293
282
213
282
295
295
295
295
295
295
295
445
348
13
11
57
496
57
315
315
274
315
315
315
382
315
455
315
463
391
480
23
13
198
198
110
76
233
165
165
346
257
101
153
233
144
144
239
112
144
32
32
32
32
140
126
383
14
292
292
292
292
292
292
292
292
292
295
292
293
293
294
293
295
295
294
293
293
295
293
293
292
293
293
293
293
293
292
292
295
239
496
496
391
382
480
480
13
223
23
415
23
416
144
159
432
91
140
14
14
348
348
332
136
239
239
416
416
416
413
415
415
415
338
332
69
136
223
136
348
348
348
413
413
420
223
223
274
420
420
344
347
347
348
348
344
344
344
344
344
126
420
348
274
428
274
274
475
475
475
475
428
